0.000000	6.609520
0.343000	6.609520
0.643000	6.261253
0.943000	7.306185
1.243000	8.350454
1.543000	6.957830
1.843000	7.653612
2.143000	6.608680
2.442000	6.957830
2.742000	6.609520
3.042000	6.261253
3.342000	6.957830
3.642000	6.957830
3.942000	7.654584
4.242000	6.609520
4.542000	6.957830
4.843000	6.609520
5.143000	8.003027
5.443000	6.609520
5.743000	6.609520
6.043000	6.609520
6.343000	7.306185
6.643000	6.957830
6.943000	6.609520
7.243000	6.957830
7.542000	6.609520
7.842000	7.306185
8.142000	6.609520
8.442000	9.397238
8.742000	6.261253
9.042000	8.700045
9.342000	9.047472
9.642000	6.957830
9.942000	7.306185
10.241000	6.957830
10.541000	6.261253
10.841000	6.609520
11.141000	6.609520
11.441000	6.609520
11.741000	7.654584
12.041000	6.957830
12.340000	8.698941
12.640000	6.609520
12.940000	6.957830
13.240000	7.654584
13.540000	8.003027
13.840000	5.913030
14.139000	6.957830
14.439000	6.609520
14.739000	6.957830
15.039000	8.350454
15.339000	7.306185
15.639000	6.957830
15.939000	7.654584
16.238000	7.306185
16.538000	6.261253
16.838000	7.306185
17.138000	6.957830
17.438000	7.306185
17.738000	7.654584
18.037000	6.609520
18.337000	6.262048
18.637000	5.565559
18.940000	6.609520
19.237000	6.609520
19.537000	6.957830
19.837000	6.261253
20.137000	6.957830
20.437000	6.609520
20.737000	5.913030
21.037000	6.261253
21.337000	8.350454
21.637000	7.306185
21.936000	9.047472
22.236000	7.306185
22.536000	6.957830
22.836000	9.396047
23.136000	6.609520
23.436000	6.957830
23.736000	7.653612
24.036000	7.654584
24.336000	7.307113
24.636000	8.352573
24.936000	10.446004
25.235000	14.286115
25.535000	14.286115
25.835000	14.984886
26.134000	403.027242
26.434000	14.635479
26.734000	13.589236
27.033000	14.287919
27.333000	16.033369
27.633000	15.685809
27.933000	16.382951
28.233000	16.382951
28.533000	402.679682
28.833000	15.336271
29.133000	15.338205
29.433000	14.287919
29.733000	16.033369
30.033000	16.033369
30.332000	17.082245
30.632000	17.082245
30.932000	16.035391
31.232000	402.679682
31.532000	403.027242
31.831000	16.734685
32.131000	402.679682
32.431000	16.035391
32.731000	16.732576
33.031000	15.683831
33.331000	15.336271
33.631000	16.382951
33.931000	16.382951
34.230000	16.382951
34.530000	17.082245
34.830000	16.732576
35.130000	16.732576
35.430000	17.082245
35.730000	16.385016
36.030000	17.431957
36.330000	16.035391
36.629000	16.732576
36.929000	15.685809
37.229000	17.429760
37.529000	16.734685
37.829000	16.732576
38.129000	16.732576
38.429000	16.732576
38.729000	17.082245
39.029000	16.035391
39.329000	17.084397
39.630000	16.035391
39.930000	16.385016
40.230000	17.082245
40.529000	16.734685
40.829000	16.382951
41.129000	17.431957
41.428000	17.431957
41.728000	16.382951
42.028000	17.431957
42.327000	16.734685
42.627000	17.431957
42.927000	17.429760
43.227000	16.732576
43.527000	16.734685
43.827000	16.730466
44.127000	16.382951
44.427000	17.429760
44.727000	18.476700
45.027000	18.826500
45.327000	17.080092
45.627000	16.730466
45.927000	18.476700
46.226000	17.080092
46.525000	17.429760
46.825000	17.080092
47.125000	17.777232
47.425000	17.429760
47.725000	17.429760
48.025000	17.077938
48.325000	16.730466
48.625000	16.378818
48.925000	17.427563
49.225000	15.681852
49.525000	17.427563
49.825000	403.374758
50.125000	17.427563
50.425000	17.080092
50.725000	17.774990
51.025000	17.425365
51.325000	16.380885
51.624000	15.334337
51.924000	16.730466
52.224000	16.382951
52.524000	403.374758
52.824000	16.380885
53.124000	16.033369
53.424000	16.380885
53.724000	403.374758
54.024000	16.728356
54.324000	16.728356
54.624000	403.374758
54.924000	17.077938
55.224000	16.728356
55.524000	16.380885
55.823000	403.374758
56.123000	403.374758
56.422000	16.031347
56.722000	16.380885
57.022000	16.726245
57.323000	16.031347
57.623000	16.031347
57.923000	16.031347
58.223000	16.380885
58.522000	16.730466
58.822000	15.681852
59.122000	15.683831
59.422000	14.984886
59.722000	16.380885
60.022000	16.031347
60.322000	16.031347
60.622000	15.681852
60.922000	16.378818
61.222000	15.334337
61.521000	16.380885
61.821000	16.029324
62.121000	15.681852
62.421000	15.679873
62.721000	15.332402
63.021000	16.031347
63.321000	14.982994
63.621000	16.378818
63.921000	16.380885
64.221000	16.728356
64.521000	15.681852
64.821000	15.332402
65.121000	15.681852
65.421000	14.984886
65.721000	16.376751
66.020000	15.330466
66.320000	16.031347
66.620000	14.286115
66.920000	16.382951
67.220000	14.635479
67.520000	15.681852
67.820000	14.286115
68.120000	15.334337
68.420000	14.984886
68.720000	16.031347
69.020000	16.031347
69.320000	15.683831
69.620000	14.984886
69.920000	14.984886
70.220000	14.984886
70.520000	14.635479
70.820000	15.681852
71.120000	15.332402
71.418000	14.984886
71.718000	15.332402
72.018000	15.332402
72.318000	14.984886
72.618000	16.031347
72.918000	16.380885
73.218000	14.982994
73.518000	13.587519
73.818000	15.332402
74.118000	15.334337
74.418000	15.681852
74.719000	15.334337
75.019000	13.589236
75.319000	14.984886
75.618000	15.334337
75.918000	14.984886
76.218000	14.984886
76.518000	16.031347
76.818000	13.936795
77.118000	13.587519
77.418000	14.635479
77.718000	14.286115
78.018000	14.635479
78.318000	14.286115
78.617000	14.982994
78.917000	14.286115
79.217000	14.286115
79.517000	11.843292
79.817000	15.681852
80.117000	14.286115
80.417000	13.238287
80.716000	13.936795
81.016000	14.286115
81.316000	12.190852
81.616000	13.587519
81.916000	14.286115
82.216000	14.287919
82.515000	15.334337
82.815000	9.749606
83.115000	12.889098
83.415000	13.587519
83.715000	12.889098
84.015000	12.190852
84.315000	11.145222
84.615000	11.492782
84.915000	14.286115
85.215000	12.889098
85.515000	14.286115
85.814000	14.984886
86.114000	12.889098
86.414000	13.936795
86.712000	11.841795
87.012000	14.286115
87.312000	14.286115
87.612000	14.635479
87.912000	14.286115
88.212000	14.635479
88.512000	13.938555
88.812000	13.239959
89.112000	13.587519
89.412000	13.936795
89.712000	13.936795
90.012000	12.541538
90.312000	14.286115
90.610000	11.492782
90.910000	13.587519
91.210000	14.286115
91.510000	12.539954
91.810000	12.889098
92.111000	12.889098
92.411000	12.889098
92.711000	9.749606
93.011000	13.587519
93.311000	13.587519
93.611000	12.190852
93.911000	12.889098
94.211000	13.936795
94.511000	12.889098
94.811000	13.238287
95.111000	13.238287
95.411000	11.843292
95.710000	13.587519
96.010000	12.190852
96.310000	12.192394
96.610000	14.286115
96.910000	13.587519
97.210000	14.286115
97.510000	13.238287
97.810000	12.889098
98.110000	10.796252
98.410000	13.239959
98.709000	14.286115
99.009000	14.286115
99.309000	14.286115
99.609000	11.843292
99.908000	13.936795
100.208000	11.494235
100.508000	11.145222
100.808000	11.494235
101.108000	11.145222
101.408000	14.286115
101.708000	11.843292
102.007000	14.286115
102.307000	13.936795
102.606000	12.890727
102.906000	13.936795
103.206000	12.539954
103.506000	13.238287
103.806000	14.635479
104.106000	14.286115
104.406000	14.635479
104.706000	14.635479
105.006000	14.286115
105.305000	14.984886
105.605000	14.635479
105.905000	14.984886
106.205000	11.494235
106.505000	14.286115
106.804000	11.143812
107.104000	11.492782
107.404000	12.539954
107.704000	13.587519
108.004000	12.890727
108.304000	13.936795
108.604000	10.796252
108.904000	14.635479
109.204000	13.936795
109.504000	12.889098
109.805000	14.984886
110.105000	14.286115
110.404000	13.239959
110.703000	12.539954
111.003000	12.192394
111.303000	12.190852
111.603000	9.749606
111.903000	12.539954
112.203000	13.936795
112.503000	13.936795
112.803000	9.749606
113.103000	10.796252
113.403000	10.447326
113.703000	11.494235
114.003000	12.890727
114.303000	12.890727
114.603000	11.494235
114.902000	12.890727
115.201000	12.192394
115.501000	11.145222
115.801000	11.145222
116.101000	14.286115
116.401000	15.334337
116.701000	9.400811
117.001000	13.936795
117.301000	10.447326
117.600000	13.587519
117.900000	13.239959
118.200000	9.748371
118.500000	13.238287
118.799000	12.539954
119.099000	13.936795
119.399000	10.098444
119.698000	12.890727
119.998000	11.145222
120.298000	11.494235
120.598000	13.239959
120.898000	13.239959
121.198000	13.238287
121.498000	11.843292
121.798000	13.587519
122.098000	11.145222
122.398000	12.541538
122.698000	14.635479
122.998000	13.587519
123.298000	13.239959
123.598000	12.192394
123.898000	13.589236
124.198000	9.400811
124.498000	10.796252
124.797000	12.539954
125.097000	12.541538
125.397000	13.936795
125.697000	12.192394
125.997000	13.239959
126.297000	12.541538
126.597000	13.238287
126.897000	8.703354
127.198000	10.447326
127.498000	11.143812
127.798000	12.889098
128.098000	10.796252
128.398000	12.889098
128.698000	10.447326
128.998000	12.889098
129.298000	10.796252
129.598000	12.889098
129.897000	12.192394
130.197000	12.539954
130.497000	13.936795
130.797000	11.843292
131.097000	13.936795
131.398000	14.286115
131.697000	13.238287
131.997000	12.889098
132.297000	14.635479
132.597000	13.589236
