0.000000	11.841795
0.215000	10.447326
0.515000	11.492782
0.815000	9.749606
1.115000	10.447326
1.415000	11.843292
1.715000	11.145222
2.015000	12.889098
2.315000	9.749606
2.615000	14.635479
2.915000	13.936795
3.215000	11.143812
3.515000	11.143812
3.815000	10.796252
4.114000	10.447326
4.414000	11.492782
4.714000	13.587519
5.014000	11.841795
5.314000	11.494235
5.614000	12.539954
5.914000	11.841795
6.214000	11.492782
6.514000	10.447326
6.814000	11.143812
7.114000	12.538368
7.414000	12.539954
7.714000	12.539954
8.014000	12.190852
8.314000	11.143812
8.614000	13.236614
8.914000	12.889098
9.213000	10.446004
9.513000	10.794886
9.813000	12.887469
10.113000	11.841795
10.414000	10.794886
10.714000	13.236614
11.013000	11.841795
11.313000	11.841795
11.613000	10.097166
11.913000	12.190852
12.213000	10.794886
12.512000	10.794886
12.813000	11.143812
13.113000	10.796252
13.413000	12.539954
13.713000	10.446004
14.013000	11.494235
14.312000	12.539954
14.612000	12.539954
14.912000	11.841795
15.212000	11.143812
15.512000	11.492782
15.812000	10.794886
16.112000	12.539954
16.412000	12.190852
16.712000	11.143812
17.012000	11.143812
17.312000	12.889098
17.612000	11.143812
17.912000	12.190852
18.212000	10.794886
18.511000	11.492782
18.811000	10.794886
19.111000	11.143812
19.411000	11.143812
19.711000	10.794886
20.011000	10.447326
20.311000	10.447326
20.611000	10.447326
20.911000	11.495688
21.211000	13.585803
21.511000	11.492782
21.811000	10.098444
22.111000	11.841795
22.410000	11.492782
22.710000	11.492782
23.010000	11.841795
23.310000	11.143812
23.609000	10.796252
23.909000	9.749606
24.209000	9.749606
24.509000	10.447326
24.809000	10.794886
25.109000	10.447326
25.409000	11.492782
25.709000	10.097166
26.009000	11.143812
26.309000	11.145222
26.608000	9.749606
26.908000	9.052061
27.208000	11.492782
27.508000	11.143812
27.808000	9.749606
28.109000	9.749606
28.409000	10.097166
28.708000	10.446004
29.009000	11.145222
29.308000	9.748371
29.608000	10.447326
29.908000	10.447326
30.208000	10.793519
30.507000	10.447326
30.807000	9.400811
31.107000	12.539954
31.407000	11.143812
31.707000	12.189311
32.007000	12.190852
32.307000	11.492782
32.607000	10.447326
32.907000	12.190852
33.207000	11.492782
33.507000	10.097166
33.806000	11.143812
34.106000	13.935035
34.405000	12.539954
34.705000	11.841795
35.005000	11.840297
35.305000	12.187769
35.605000	12.190852
35.905000	11.840297
36.205000	9.400811
36.505000	10.098444
36.805000	9.402001
37.105000	9.402001
37.405000	12.889098
37.705000	10.447326
38.005000	10.447326
38.304000	11.492782
38.603000	9.749606
38.903000	9.402001
39.203000	10.447326
39.503000	10.794886
39.803000	9.750840
40.103000	11.143812
40.403000	10.447326
40.703000	9.749606
41.003000	12.539954
41.303000	11.492782
41.603000	11.491327
41.902000	10.796252
42.202000	10.796252
42.501000	9.749606
42.801000	13.587519
43.100000	11.494235
43.400000	11.143812
43.700000	11.491327
44.000000	14.628084
44.300000	11.491327
44.600000	14.977316
44.900000	14.981102
45.200000	14.282506
45.501000	14.282506
45.801000	16.378818
46.101000	16.027300
46.401000	15.681852
46.700000	16.029324
47.000000	16.378818
47.300000	17.425365
47.600000	15.681852
47.900000	16.728356
48.199000	16.380885
48.499000	16.382951
48.799000	16.728356
49.099000	16.378818
49.399000	15.681852
49.699000	16.380885
49.999000	17.777232
50.299000	16.031347
50.598000	16.378818
50.898000	16.029324
51.198000	17.077938
51.498000	17.075783
51.798000	18.117798
52.098000	17.772747
52.398000	17.774990
52.698000	16.726245
52.998000	16.031347
53.297000	19.516386
53.597000	18.124659
53.897000	18.124659
54.197000	16.730466
54.496000	16.726245
54.796000	17.774990
55.096000	17.075783
55.396000	17.777232
55.696000	17.080092
55.996000	17.772747
56.296000	19.871152
56.596000	16.378818
56.896000	17.779473
57.196000	20.558001
57.496000	18.129229
57.796000	18.469711
58.095000	18.122373
58.395000	17.080092
58.694000	19.518848
58.994000	18.120086
59.294000	18.469711
59.594000	19.166674
59.894000	17.774990
60.194000	16.031347
60.494000	19.169092
60.794000	17.429760
61.094000	20.558001
61.394000	16.730466
61.694000	18.124659
61.994000	18.469711
62.294000	18.124659
62.592000	20.913034
62.893000	18.819380
63.193000	20.215941
63.493000	19.861128
63.793000	20.213391
64.093000	18.819380
64.393000	19.866142
64.693000	20.213391
64.993000	19.166674
65.293000	19.169092
65.593000	18.476700
65.893000	18.819380
66.193000	19.169092
66.493000	19.871152
66.793000	18.474371
67.093000	18.476700
67.393000	19.868648
67.692000	18.472041
67.992000	18.474371
68.292000	18.819380
68.592000	21.260239
68.892000	18.824127
69.192000	18.124659
69.492000	19.169092
69.792000	19.516386
70.092000	19.169092
70.392000	18.824127
70.691000	18.817005
70.991000	17.082245
71.291000	17.427563
71.591000	18.469711
71.891000	16.732576
72.191000	17.777232
72.491000	18.479028
72.791000	18.821754
73.090000	19.169092
73.391000	18.126944
73.690000	20.560597
73.990000	19.518848
74.290000	18.472041
74.590000	20.213391
74.889000	18.124659
75.189000	19.518848
75.489000	19.868648
75.789000	18.819380
76.089000	17.777232
76.389000	19.171510
76.689000	19.169092
76.989000	18.819380
77.289000	19.166674
77.588000	18.821754
77.888000	18.472041
78.188000	18.476700
78.488000	20.565784
78.787000	19.523770
79.087000	17.427563
79.387000	19.169092
79.687000	20.215941
79.987000	17.777232
80.288000	20.221039
80.588000	19.863636
80.888000	20.910396
81.188000	19.863636
81.488000	20.563191
81.788000	19.176343
82.088000	18.819380
82.387000	19.866142
82.687000	20.565784
82.987000	21.607400
83.287000	19.176343
83.587000	19.166674
83.887000	19.516386
84.187000	18.472041
84.487000	20.218491
84.787000	20.213391
85.087000	19.169092
85.387000	19.166674
85.687000	19.523770
85.987000	19.518848
86.287000	19.516386
86.587000	18.821754
86.887000	20.565784
87.187000	21.257557
87.486000	19.171510
87.786000	17.777232
88.086000	17.777232
88.386000	20.565784
88.686000	19.863636
88.986000	20.907757
89.286000	18.821754
89.586000	18.821754
89.886000	20.905118
90.186000	19.171510
90.486000	19.521309
90.786000	19.166674
91.086000	18.472041
91.386000	18.472041
91.686000	19.866142
91.986000	20.905118
92.285000	20.215941
92.585000	19.518848
92.885000	19.173927
93.185000	19.169092
93.485000	19.868648
93.785000	18.122373
94.085000	18.817005
94.385000	18.472041
94.685000	19.171510
94.985000	17.427563
95.285000	19.171510
95.585000	18.469711
95.885000	20.563191
96.185000	17.777232
96.485000	20.563191
96.785000	20.215941
97.085000	19.516386
97.384000	18.824127
97.684000	18.469711
97.985000	17.429760
98.285000	18.129229
98.585000	19.171510
98.885000	17.779473
99.185000	18.819380
99.485000	17.777232
99.785000	17.777232
100.085000	17.774990
100.385000	17.427563
100.685000	18.824127
100.985000	18.817005
101.285000	18.821754
101.585000	19.521309
101.885000	18.129229
102.184000	18.469711
102.484000	18.122373
102.784000	19.861128
103.084000	19.169092
103.384000	18.124659
103.683000	18.124659
103.983000	19.169092
104.283000	18.474371
104.583000	19.511459
104.883000	19.523770
105.183000	18.476700
105.483000	18.472041
105.783000	17.777232
106.083000	18.124659
106.383000	17.774990
106.682000	18.124659
106.981000	18.126944
107.281000	19.513923
107.581000	19.173927
107.881000	20.218491
108.181000	20.560597
108.481000	18.824127
108.781000	19.169092
109.081000	17.777232
109.381000	18.817005
109.681000	19.171510
109.981000	18.474371
110.281000	18.474371
110.581000	18.821754
110.880000	19.513923
111.180000	18.824127
111.480000	20.218491
111.780000	19.173927
112.079000	18.474371
112.379000	17.779473
112.680000	18.469711
112.979000	19.518848
113.279000	18.469711
113.579000	19.518848
113.879000	18.474371
114.179000	19.523770
114.479000	18.472041
114.779000	18.126944
115.078000	19.169092
115.379000	19.863636
115.679000	18.472041
115.979000	19.169092
116.279000	19.866142
116.579000	18.821754
116.879000	20.218491
117.178000	20.213391
117.479000	19.866142
117.778000	18.821754
118.078000	19.169092
118.378000	19.169092
118.678000	18.819380
118.977000	17.423166
