0.000000	18.821754
0.361000	18.469711
0.661000	17.075783
0.961000	18.122373
1.261000	17.075783
1.561000	17.075783
1.860000	19.164254
2.160000	19.171510
2.460000	18.124659
2.760000	18.472041
3.060000	18.122373
3.360000	17.071472
3.660000	18.124659
3.960000	16.380885
4.260000	18.821754
4.560000	16.728356
4.860000	16.378818
5.160000	19.169092
5.460000	17.777232
5.760000	17.774990
6.060000	18.122373
6.360000	16.376751
6.660000	17.425365
6.959000	16.726245
7.259000	17.774990
7.556000	17.077938
7.856000	17.427563
8.156000	18.124659
8.456000	16.378818
8.756000	20.213391
9.056000	17.774990
9.356000	17.425365
9.656000	16.728356
9.956000	17.073628
10.251000	17.423166
10.551000	17.425365
10.851000	17.075783
11.151000	18.817005
11.451000	16.378818
11.750000	15.330466
12.050000	17.073628
12.350000	17.772747
12.650000	18.122373
12.950000	16.728356
13.250000	17.073628
13.550000	17.075783
13.850000	18.469711
14.150000	18.122373
14.450000	14.977316
14.750000	17.071472
15.050000	16.374682
15.350000	16.376751
15.650000	16.728356
15.950000	17.073628
16.249000	17.774990
16.549000	16.372614
16.849000	16.374682
17.149000	18.819380
17.449000	17.772747
17.749000	16.717794
18.049000	17.423166
18.349000	17.770504
18.649000	17.073628
18.949000	16.726245
19.249000	17.772747
19.548000	15.673930
19.848000	17.772747
20.148000	18.469711
20.448000	17.073628
20.748000	16.376751
21.048000	17.071472
21.347000	15.679873
21.647000	17.770504
21.947000	17.423166
22.247000	19.166674
22.547000	17.420966
22.847000	18.120086
23.147000	17.073628
23.447000	17.768260
23.747000	16.374682
24.047000	18.469711
24.347000	17.077938
24.647000	15.330466
24.947000	17.770504
25.247000	17.770504
25.546000	19.513923
25.846000	16.724133
26.146000	17.418765
26.445000	18.474371
26.745000	17.425365
27.045000	17.077938
27.345000	15.679873
27.644000	18.120086
27.944000	18.469711
28.244000	17.770504
28.544000	18.812253
28.844000	17.770504
29.144000	16.724133
29.444000	17.073628
29.744000	17.073628
30.044000	18.120086
30.344000	18.819380
30.644000	16.029324
30.944000	14.981102
31.244000	16.372614
31.543000	16.027300
31.842000	19.171510
32.143000	14.626233
32.442000	16.726245
32.742000	14.631782
33.042000	17.069315
33.342000	15.673930
33.642000	15.328529
33.942000	17.425365
34.242000	17.423166
34.542000	16.724133
34.842000	17.073628
35.142000	16.374682
35.442000	14.977316
35.740000	16.376751
36.040000	16.376751
36.340000	18.122373
36.640000	18.120086
36.940000	17.075783
37.240000	14.982994
37.540000	17.073628
37.840000	16.726245
38.140000	17.069315
38.440000	15.326592
38.740000	18.120086
39.040000	14.979209
39.340000	17.770504
39.640000	16.726245
39.939000	18.465047
40.239000	17.073628
40.539000	17.768260
40.837000	16.724133
41.138000	16.726245
41.438000	17.768260
41.738000	15.326592
42.038000	16.724133
42.338000	14.280701
42.638000	15.328529
42.938000	14.979209
43.238000	14.977316
43.538000	15.679873
43.837000	16.724133
44.137000	12.885839
44.437000	16.374682
44.737000	15.679873
45.037000	17.770504
45.337000	17.073628
45.637000	14.979209
45.936000	16.023250
46.236000	13.933274
46.536000	16.374682
46.836000	14.280701
47.136000	14.979209
47.436000	16.027300
47.735000	13.931512
48.035000	12.538368
48.335000	14.633631
48.635000	13.931512
48.935000	16.376751
49.235000	18.458046
49.535000	562.652366
49.835000	583.912605
50.135000	564.401146
50.435000	581.828709
50.734000	583.565400
51.034000	581.828709
51.334000	566.847607
51.634000	581.481238
51.934000	562.652366
52.234000	580.786162
52.534000	566.148836
52.834000	563.352009
53.134000	584.606882
53.434000	580.786162
53.734000	582.870857
54.034000	564.750771
54.334000	566.847607
54.634000	579.395479
54.934000	564.401146
55.234000	563.352009
55.533000	581.828709
55.832000	581.133722
56.131000	562.652366
56.431000	564.051477
56.731000	564.051477
57.031000	581.481238
57.331000	562.302480
57.631000	581.481238
57.931000	563.701765
58.231000	581.133722
58.532000	582.176136
58.832000	582.176136
59.132000	564.750771
59.432000	564.401146
59.732000	565.100353
60.031000	565.100353
60.331000	564.051477
60.630000	568.593768
60.930000	583.565400
61.230000	565.100353
61.530000	564.051477
61.830000	565.449891
62.130000	563.701765
62.430000	567.196927
62.730000	567.196927
63.030000	582.523519
63.330000	580.438558
63.630000	583.912605
63.929000	564.051477
64.229000	563.701765
64.529000	563.002209
64.829000	564.750771
65.129000	582.176136
65.429000	581.828709
65.728000	581.828709
66.028000	582.176136
66.328000	565.449891
66.628000	564.750771
66.928000	564.401146
67.228000	581.133722
67.528000	565.449891
67.828000	566.498243
68.127000	581.133722
68.427000	563.002209
68.727000	583.218151
69.027000	581.481238
69.327000	582.870857
69.627000	583.218151
69.927000	564.051477
70.227000	582.176136
70.526000	582.523519
70.826000	562.652366
71.126000	582.870857
71.426000	563.002209
71.725000	582.870857
72.024000	583.565400
72.324000	563.002209
72.624000	561.952550
72.924000	584.606882
73.224000	563.352009
73.524000	565.100353
73.824000	585.300981
74.124000	584.259766
74.424000	563.002209
74.723000	561.952550
75.023000	584.953954
75.323000	585.994902
75.623000	562.652366
75.924000	563.352009
76.224000	563.352009
76.524000	586.688646
76.824000	563.002209
77.124000	582.870857
77.424000	22.668609
77.724000	583.912605
78.024000	582.870857
78.324000	23.701394
78.624000	20.213391
78.924000	24.736096
79.224000	25.439297
79.524000	22.654332
79.823000	23.348431
80.123000	20.907757
80.423000	23.683441
80.723000	24.042353
81.023000	28.205706
81.323000	23.336637
81.623000	20.910396
81.923000	19.166674
82.223000	23.001404
82.523000	19.521309
82.823000	20.915671
83.123000	18.821754
83.423000	19.513923
83.723000	21.951745
84.023000	20.563191
84.323000	18.472041
84.623000	17.770504
84.923000	20.210841
85.222000	20.913034
85.522000	20.208289
85.822000	19.166674
86.122000	18.469711
86.422000	19.513923
86.722000	19.159413
87.022000	19.518848
87.322000	18.122373
87.622000	19.866142
87.922000	17.418765
88.222000	16.724133
88.522000	18.467380
88.822000	17.423166
89.122000	16.027300
89.422000	17.077938
89.722000	16.376751
90.021000	16.726245
90.321000	17.073628
90.621000	15.328529
90.921000	17.772747
91.221000	15.332402
91.521000	17.075783
91.821000	17.770504
92.121000	18.120086
92.421000	15.681852
92.721000	16.376751
93.021000	16.027300
93.321000	16.376751
93.622000	17.420966
93.922000	16.376751
94.222000	14.979209
94.522000	14.284311
94.822000	13.236614
95.121000	13.935035
95.421000	14.631782
95.721000	14.282506
96.021000	14.979209
96.320000	15.332402
96.620000	12.884209
96.920000	15.679873
97.220000	13.935035
97.520000	13.931512
97.820000	15.330466
98.120000	13.933274
98.420000	14.982994
98.720000	14.284311
99.020000	14.631782
99.320000	14.284311
99.619000	403.722229
99.919000	11.840297
100.219000	11.841795
100.519000	13.933274
100.819000	12.190852
101.119000	403.374758
101.419000	403.027242
101.719000	11.143812
102.019000	13.236614
102.319000	12.887469
102.619000	13.234941
102.919000	13.935035
103.219000	13.236614
103.519000	403.374758
103.819000	14.631782
104.118000	13.236614
104.418000	13.236614
104.717000	12.887469
105.017000	12.538368
105.317000	12.538368
105.617000	11.492782
105.917000	11.840297
106.217000	13.933274
106.517000	403.374758
106.817000	12.887469
107.117000	14.282506
107.417000	15.679873
107.717000	15.330466
108.017000	12.887469
108.316000	12.889098
108.616000	13.236614
108.916000	11.840297
109.216000	13.234941
109.516000	13.933274
109.815000	11.492782
110.115000	11.491327
110.415000	12.190852
110.715000	12.190852
111.016000	11.492782
111.316000	12.189311
111.616000	11.492782
111.916000	10.446004
112.215000	11.492782
112.515000	11.840297
112.815000	11.491327
113.115000	11.492782
113.415000	12.190852
113.715000	12.536782
114.015000	12.887469
114.315000	13.233266
114.614000	12.539954
114.914000	11.143812
115.214000	11.492782
115.514000	11.143812
115.814000	12.889098
116.114000	11.494235
116.413000	11.841795
116.713000	10.098444
117.013000	12.189311
117.313000	9.749606
117.613000	11.492782
117.913000	10.447326
118.213000	10.794886
118.513000	11.491327
118.813000	11.143812
119.112000	10.794886
119.413000	11.841795
119.712000	10.794886
120.012000	11.492782
120.311000	10.794886
120.611000	11.492782
120.911000	11.143812
121.211000	9.749606
121.511000	11.145222
121.811000	10.794886
122.111000	10.097166
122.411000	11.491327
122.711000	403.027242
123.011000	11.840297
123.311000	11.143812
123.611000	11.492782
123.911000	11.841795
124.210000	11.492782
124.509000	11.143812
124.809000	12.189311
125.109000	11.145222
125.409000	12.190852
125.709000	12.887469
126.009000	11.143812
126.309000	10.446004
126.609000	10.796252
126.909000	11.841795
127.209000	10.446004
127.509000	10.794886
127.809000	12.190852
128.109000	10.446004
128.409000	10.446004
128.709000	10.097166
129.009000	10.794886
129.308000	10.794886
129.608000	10.794886
129.908000	11.145222
130.208000	10.447326
130.508000	11.143812
130.808000	10.447326
131.108000	11.143812
131.408000	11.841795
131.708000	11.492782
132.008000	10.796252
132.307000	10.794886
132.607000	10.794886
132.907000	11.145222
133.207000	11.841795
133.507000	10.794886
133.807000	11.143812
134.107000	10.447326
134.406000	10.097166
134.706000	11.143812
135.006000	11.143812
135.306000	10.447326
135.606000	10.447326
135.906000	10.098444
136.206000	9.749606
136.505000	10.446004
136.805000	11.143812
137.105000	10.794886
137.405000	11.491327
137.705000	10.446004
138.005000	10.447326
138.305000	10.098444
138.605000	10.794886
138.904000	10.796252
139.204000	11.143812
139.504000	10.446004
139.804000	11.492782
140.104000	11.143812
140.403000	10.447326
140.703000	10.794886
141.003000	10.794886
141.303000	10.098444
141.603000	10.446004
141.903000	9.053207
142.203000	10.794886
142.503000	10.098444
142.803000	10.446004
143.103000	10.446004
143.403000	9.400811
143.702000	10.794886
144.002000	9.400811
144.302000	10.794886
144.601000	11.143812
144.901000	10.796252
145.201000	11.143812
145.501000	10.446004
145.801000	10.098444
146.102000	10.446004
146.402000	9.052061
