0.000000	5.908516
0.215000	5.560602
0.515000	6.256474
0.815000	5.908516
1.115000	5.908516
1.415000	6.256474
1.715000	6.256474
2.015000	6.604476
2.314000	6.256474
2.614000	6.256474
2.914000	5.908516
3.214000	5.908516
3.514000	5.908516
3.814000	6.256474
4.114000	5.908516
4.414000	5.908516
4.714000	6.256474
5.014000	6.256474
5.314000	6.604476
5.614000	5.560602
5.913000	6.256474
6.213000	6.256474
6.513000	6.604476
6.813000	6.256474
7.112000	6.256474
7.412000	6.604476
7.712000	6.604476
8.012000	6.256474
8.312000	6.604476
8.612000	5.561311
8.912000	6.256474
9.212000	6.256474
9.512000	6.604476
9.812000	6.256474
10.112000	5.909269
10.412000	5.908516
10.712000	5.561311
11.012000	6.256474
11.312000	5.908516
11.611000	6.257271
11.911000	6.605318
12.211000	5.909269
12.511000	6.257271
12.812000	6.953408
13.112000	5.909269
13.412000	5.909269
13.712000	5.561311
14.012000	5.909269
14.312000	5.909269
14.612000	6.257271
14.912000	6.257271
15.212000	6.257271
15.512000	6.257271
15.812000	6.605318
16.112000	6.605318
16.412000	5.909269
16.711000	5.909269
17.011000	5.909269
17.311000	6.257271
17.611000	5.909269
17.911000	5.909269
18.211000	6.605318
18.511000	5.909269
18.811000	5.909269
19.111000	5.909269
19.411000	5.909269
19.711000	6.257271
20.011000	6.257271
20.311000	5.909269
20.611000	5.561311
20.911000	5.561311
21.210000	6.257271
21.510000	6.605318
21.809000	5.909269
22.109000	6.257271
22.409000	7.301543
22.709000	6.257271
23.009000	6.605318
23.309000	5.909269
23.609000	5.909269
23.909000	6.257271
24.209000	6.953408
24.509000	6.257271
24.809000	5.561311
25.109000	6.257271
25.409000	5.910022
25.709000	6.257271
26.009000	5.909269
26.309000	6.257271
26.609000	6.605318
26.908000	6.257271
27.208000	6.257271
27.508000	5.562020
27.808000	6.257271
28.108000	6.605318
28.408000	6.953408
28.707000	6.605318
29.007000	5.910022
29.307000	6.258068
29.607000	6.605318
29.907000	6.953408
30.207000	5.909269
30.508000	6.605318
30.808000	6.605318
31.107000	6.605318
31.407000	6.605318
31.707000	5.214062
32.007000	6.954293
32.307000	5.910774
32.607000	6.258865
32.906000	6.606999
33.206000	6.607840
33.506000	6.956062
33.806000	6.956062
34.106000	6.259661
34.406000	6.259661
34.706000	6.259661
35.006000	6.259661
35.306000	6.956062
35.606000	6.607840
35.906000	7.305257
36.205000	6.260457
36.504000	6.956947
36.803000	6.261253
37.103000	6.261253
37.403000	6.608680
37.703000	6.957830
38.003000	6.609520
38.303000	6.609520
38.603000	7.654584
38.903000	6.609520
39.203000	7.306185
39.503000	7.306185
39.803000	5.913781
40.103000	6.609520
40.403000	6.957830
40.703000	6.261253
41.002000	6.261253
41.301000	6.957830
41.601000	6.957830
41.901000	6.609520
42.201000	5.913030
42.501000	6.261253
42.801000	6.609520
43.101000	6.609520
43.401000	5.913781
43.701000	7.307113
44.001000	7.655556
44.301000	6.262048
44.601000	7.655556
44.900000	6.262048
45.200000	6.609520
45.500000	6.957830
45.800000	6.609520
46.100000	7.306185
46.399000	7.306185
46.699000	7.655556
46.999000	6.610359
47.299000	6.262843
47.599000	7.655556
47.900000	6.959597
48.200000	7.308040
48.500000	6.611198
48.800000	6.959597
49.100000	7.655556
49.400000	6.262843
49.700000	7.656527
50.000000	6.611198
50.300000	8.005058
50.600000	6.262843
50.900000	7.307113
51.199000	7.655556
51.499000	7.307113
51.799000	8.004043
52.098000	7.655556
52.398000	6.610359
52.698000	7.655556
52.997000	6.611198
53.297000	8.352573
53.597000	6.958714
53.897000	9.049767
54.197000	8.350454
54.497000	6.608680
54.797000	6.609520
55.097000	7.653612
55.397000	6.609520
55.696000	8.002011
55.996000	8.003027
56.296000	7.654584
56.596000	8.352573
56.895000	8.351514
57.195000	6.262048
57.495000	6.957830
57.795000	6.261253
58.095000	5.913781
58.395000	6.610359
58.695000	5.913781
58.995000	6.957830
59.295000	6.262048
59.595000	6.958714
59.895000	6.262048
60.195000	8.352573
60.495000	6.610359
60.794000	8.352573
61.093000	9.399621
61.393000	8.353633
61.693000	8.005058
61.993000	9.398430
62.293000	6.611198
62.593000	7.656527
62.893000	8.353633
63.193000	8.353633
63.493000	6.611198
63.793000	6.960480
64.093000	6.612037
64.393000	6.959597
64.693000	8.702251
64.992000	10.796252
65.293000	8.006073
65.593000	10.796252
65.892000	8.703354
66.192000	7.308040
66.492000	7.308967
66.792000	9.050914
67.092000	6.262843
67.391000	7.308040
67.691000	8.005058
67.991000	8.353633
68.291000	8.006073
68.591000	7.308967
68.891000	9.052061
69.190000	7.308040
69.490000	6.960480
69.790000	9.400811
70.090000	10.447326
70.390000	6.961363
70.689000	10.796252
70.989000	12.192394
71.289000	10.797617
71.589000	6.961363
71.889000	12.541538
72.189000	12.890727
72.489000	13.938555
72.789000	13.589236
73.088000	12.890727
73.388000	12.890727
73.688000	11.843292
73.988000	14.287919
74.288000	13.239959
74.588000	13.589236
74.888000	12.890727
75.188000	13.589236
75.487000	13.589236
75.787000	13.239959
76.087000	12.193934
76.387000	9.400811
76.687000	12.541538
76.987000	12.889098
77.286000	9.052061
77.586000	11.843292
77.886000	13.587519
78.186000	13.938555
78.486000	12.541538
78.786000	12.541538
79.086000	7.657498
79.386000	11.843292
79.686000	12.890727
79.986000	12.541538
80.285000	11.494235
80.585000	13.589236
80.885000	12.890727
81.185000	12.541538
81.485000	13.239959
81.785000	12.890727
82.085000	13.589236
82.385000	13.589236
82.686000	14.286115
82.986000	14.286115
83.286000	13.238287
83.586000	13.238287
83.886000	11.143812
84.185000	12.190852
84.485000	13.585803
84.785000	13.935035
85.085000	13.585803
85.384000	14.633631
85.684000	14.633631
85.984000	14.981102
86.284000	14.631782
86.578000	14.633631
86.878000	14.284311
87.178000	15.330466
87.478000	14.981102
87.778000	14.631782
88.078000	14.981102
88.378000	14.981102
88.678000	14.282506
88.978000	12.885839
89.278000	13.933274
89.578000	13.236614
89.878000	14.981102
90.177000	14.631782
90.477000	14.631782
90.777000	14.981102
91.077000	14.981102
91.377000	15.328529
91.677000	15.328529
91.977000	14.282506
92.277000	13.933274
92.577000	14.979209
92.877000	13.933274
93.177000	14.631782
93.477000	14.979209
93.777000	15.328529
94.077000	13.584085
94.377000	14.282506
94.676000	14.631782
94.976000	14.629933
95.276000	15.330466
95.576000	14.282506
95.876000	12.885839
96.176000	14.631782
96.476000	13.933274
96.776000	13.584085
97.076000	14.631782
97.376000	14.629933
97.676000	14.979209
97.976000	14.282506
98.276000	14.629933
98.576000	14.631782
98.876000	14.631782
99.176000	14.282506
99.476000	14.282506
99.776000	14.981102
100.075000	14.979209
100.376000	15.328529
100.676000	14.629933
100.976000	14.631782
101.275000	15.328529
101.575000	13.234941
101.874000	13.933274
102.174000	13.933274
102.474000	13.933274
102.774000	14.631782
103.074000	13.933274
103.374000	13.933274
103.674000	14.979209
103.974000	13.933274
104.274000	13.584085
104.574000	14.979209
104.873000	13.933274
105.173000	13.234941
105.472000	14.282506
105.772000	14.280701
106.072000	13.933274
106.372000	13.582368
106.672000	14.629933
106.972000	13.584085
107.272000	14.629933
107.572000	13.931512
107.872000	13.233266
108.172000	14.629933
108.472000	14.280701
108.772000	12.884209
109.072000	13.931512
109.371000	14.282506
109.671000	13.582368
109.970000	13.931512
110.270000	14.280701
110.570000	14.280701
110.870000	14.979209
111.170000	14.629933
111.470000	14.280701
111.770000	14.979209
112.070000	13.582368
112.370000	14.629933
112.670000	14.280701
112.970000	13.931512
113.269000	13.584085
113.569000	14.280701
113.869000	13.234941
114.169000	13.233266
114.469000	14.629933
114.768000	13.931512
115.068000	14.280701
115.368000	14.280701
115.668000	12.885839
115.968000	13.582368
116.268000	12.884209
116.568000	12.884209
116.868000	12.535196
117.167000	11.837300
117.466000	12.186226
117.767000	14.629933
118.067000	12.536782
118.367000	13.931512
118.667000	13.582368
118.967000	11.139580
119.267000	11.837300
119.566000	12.884209
119.866000	13.582368
120.166000	11.488418
120.466000	13.233266
120.766000	7.653612
121.066000	13.233266
121.365000	11.488418
121.665000	8.698941
121.965000	13.582368
122.265000	12.186226
122.565000	7.653612
122.865000	8.698941
123.165000	11.486962
123.465000	7.653612
123.765000	9.396047
124.065000	6.608680
124.364000	10.789417
124.664000	9.396047
124.964000	7.305257
125.264000	8.350454
125.563000	6.260457
125.863000	13.929750
126.163000	6.260457
126.463000	6.956947
126.763000	8.000995
127.063000	7.653612
127.363000	6.956947
127.663000	6.956947
127.963000	10.440711
128.263000	10.440711
128.563000	12.882578
128.863000	7.304329
129.163000	7.305257
129.461000	7.304329
129.761000	6.956062
130.061000	7.652640
130.361000	9.394854
130.661000	9.394854
130.961000	7.304329
131.261000	13.929750
131.561000	6.956947
131.861000	7.652640
132.161000	7.304329
132.461000	6.956062
132.760000	6.956947
133.060000	7.652640
133.360000	6.956062
133.659000	7.304329
133.959000	7.305257
134.258000	7.653612
134.558000	6.608680
134.858000	6.956062
135.159000	8.000995
135.459000	6.608680
135.759000	7.304329
136.059000	6.608680
136.359000	7.304329
136.659000	6.260457
136.959000	8.000995
137.259000	6.956947
137.558000	6.956947
137.858000	6.608680
138.158000	6.608680
138.458000	6.956062
138.758000	6.956062
139.057000	6.608680
139.357000	6.956947
139.657000	8.697837
139.957000	7.304329
140.257000	6.956062
140.557000	6.260457
140.857000	6.956947
141.157000	6.608680
141.456000	5.912278
141.756000	7.305257
142.056000	6.956947
142.356000	8.002011
142.656000	5.912278
142.956000	9.046324
143.256000	6.260457
143.556000	6.260457
143.856000	6.956062
144.155000	5.912278
144.455000	8.349394
144.755000	7.304329
145.055000	13.233266
145.355000	6.956947
145.654000	12.184682
145.954000	6.608680
146.254000	7.305257
146.554000	8.000995
146.854000	6.956062
147.154000	6.260457
147.454000	6.956947
147.754000	6.608680
148.053000	5.564144
148.353000	5.912278
148.653000	5.564144
148.953000	6.608680
149.252000	6.956947
149.551000	6.260457
149.851000	6.260457
