0.000000	6.953408
0.538000	6.953408
1.138000	6.605318
1.737000	6.953408
2.336000	6.605318
2.936000	6.605318
3.536000	6.605318
4.136000	6.953408
4.736000	6.953408
5.336000	6.953408
5.935000	7.300613
6.535000	7.648748
7.135000	7.301543
7.734000	6.953408
8.334000	6.605318
8.934000	7.300613
9.534000	7.301543
10.134000	7.648748
10.734000	7.648748
11.334000	7.301543
11.934000	6.953408
12.533000	6.953408
13.133000	7.300613
13.733000	7.300613
14.332000	6.953408
14.932000	7.300613
15.532000	6.605318
16.132000	7.648748
16.732000	7.300613
17.332000	7.300613
17.930000	6.952523
18.529000	7.300613
19.129000	7.648748
19.729000	7.995908
20.329000	7.300613
20.929000	7.996926
21.529000	7.648748
22.127000	7.300613
22.727000	8.344087
23.327000	7.300613
23.927000	7.300613
24.527000	7.300613
25.127000	7.300613
25.727000	7.995908
26.326000	8.344087
26.926000	7.300613
27.525000	8.344087
28.126000	7.995908
28.726000	7.301543
29.326000	7.648748
29.925000	7.996926
30.525000	6.953408
31.125000	7.996926
31.725000	7.648748
32.324000	7.648748
32.924000	8.344087
33.524000	7.996926
34.123000	8.345149
34.723000	7.301543
35.323000	7.996926
35.923000	7.302472
36.523000	7.302472
37.123000	7.649721
37.722000	7.649721
38.321000	7.649721
38.921000	7.997944
39.521000	7.997944
40.121000	7.996926
40.721000	8.345149
41.321000	7.651667
41.921000	7.997944
42.520000	7.304329
43.120000	7.997944
43.720000	7.301543
44.320000	8.345149
44.920000	8.345149
45.521000	8.693416
46.120000	8.693416
46.719000	7.997944
47.319000	8.346211
47.919000	7.649721
48.519000	7.997944
49.118000	7.997944
49.718000	8.693416
50.317000	7.997944
50.917000	8.694522
51.517000	9.042877
52.116000	8.694522
52.716000	9.041727
53.316000	8.346211
53.916000	9.390082
54.515000	9.041727
55.115000	9.041727
55.715000	9.737242
56.315000	9.737242
56.915000	9.737242
57.514000	8.693416
58.113000	9.041727
58.713000	9.390082
59.313000	9.388887
59.913000	9.390082
60.513000	10.434084
61.112000	9.738481
61.712000	8.694522
62.312000	9.390082
62.913000	9.041727
63.513000	9.041727
64.113000	9.041727
64.712000	8.693416
65.312000	9.737242
65.912000	8.693416
66.511000	9.737242
67.111000	9.388887
67.711000	9.388887
68.311000	9.388887
68.911000	9.040577
69.511000	9.040577
70.111000	9.388887
70.711000	9.040577
71.310000	9.736004
71.910000	9.040577
72.510000	9.040577
73.110000	9.388887
73.710000	9.039426
74.309000	9.736004
74.909000	9.387693
75.509000	10.084359
76.109000	9.039426
76.708000	9.736004
77.308000	9.736004
77.908000	9.387693
78.508000	10.084359
79.108000	9.387693
79.708000	10.083075
80.307000	10.083075
80.907000	9.734765
81.507000	9.734765
82.107000	10.779829
82.707000	10.431430
83.307000	10.083075
83.907000	10.083075
84.507000	9.736004
85.107000	10.081792
85.706000	10.083075
86.306000	9.734765
86.906000	11.475299
87.506000	10.431430
88.106000	9.734765
88.706000	10.081792
89.306000	10.430103
89.906000	10.778458
90.506000	11.475299
91.105000	10.081792
91.705000	10.081792
92.305000	10.777086
92.905000	11.473839
93.505000	10.430103
94.105000	10.430103
94.704000	10.778458
95.303000	10.430103
95.903000	10.081792
96.502000	10.081792
97.102000	10.430103
97.703000	10.777086
98.303000	11.473839
98.902000	10.428775
99.502000	10.428775
100.102000	10.428775
100.701000	12.169221
101.301000	10.428775
101.901000	10.428775
102.500000	11.124024
103.100000	11.820778
103.700000	11.820778
104.300000	11.124024
104.900000	10.428775
105.499000	9.733525
106.099000	11.472379
106.698000	11.472379
107.298000	10.428775
107.898000	11.124024
108.498000	11.472379
109.098000	11.124024
109.698000	11.124024
110.298000	11.472379
110.895000	10.775713
111.495000	10.428775
112.095000	11.820778
112.695000	10.775713
113.295000	11.124024
113.895000	11.470918
114.494000	11.472379
115.095000	11.124024
115.694000	12.866238
116.294000	11.472379
116.894000	12.516114
117.494000	10.775713
118.094000	11.819273
118.693000	11.470918
119.293000	11.472379
119.893000	11.470918
120.492000	11.819273
121.092000	11.817767
121.692000	10.774340
122.292000	11.472379
122.891000	11.819273
123.491000	11.122607
124.091000	12.166122
124.691000	11.470918
125.291000	12.514521
125.890000	11.819273
126.490000	11.817767
127.089000	12.166122
127.689000	12.514521
128.289000	11.470918
128.888000	12.514521
129.489000	12.166122
130.088000	12.166122
130.687000	12.862964
131.287000	12.166122
131.887000	12.166122
132.488000	11.470918
133.088000	12.862964
133.688000	12.166122
134.288000	12.166122
134.887000	13.209768
135.486000	12.166122
136.086000	12.512926
136.686000	13.558255
137.286000	12.862964
137.886000	12.512926
138.486000	12.512926
139.085000	12.861325
139.684000	12.512926
140.284000	12.861325
140.884000	13.209768
141.484000	13.209768
142.084000	12.164572
142.683000	12.512926
143.283000	12.861325
143.883000	12.861325
144.482000	12.861325
145.082000	13.209768
145.682000	13.906786
146.282000	12.512926
146.882000	12.164572
147.482000	11.816261
148.082000	12.164572
148.682000	12.861325
149.282000	12.859687
149.882000	12.512926
150.482000	12.861325
151.082000	12.861325
151.682000	13.208086
152.282000	13.209768
152.882000	13.905015
153.482000	14.253546
154.082000	13.208086
154.681000	13.556528
155.281000	13.208086
155.881000	13.208086
156.481000	14.602121
157.081000	14.251731
157.681000	14.253546
158.281000	14.253546
158.881000	13.905015
159.481000	14.251731
160.080000	12.861325
160.680000	13.208086
161.280000	13.905015
161.880000	13.208086
162.480000	14.253546
163.080000	14.600262
163.680000	409.622446
164.279000	668.609233
164.879000	668.609233
165.479000	668.609233
166.079000	668.609233
166.679000	668.609233
167.279000	668.609233
167.880000	668.609233
168.480000	745.487284
169.079000	530.990193
169.679000	668.609233
170.279000	668.609233
170.879000	668.609233
171.479000	668.609233
172.079000	745.487284
172.679000	668.609233
173.279000	668.609233
173.879000	668.609233
174.478000	806.422112
175.077000	668.609233
175.677000	668.609233
176.277000	668.609233
176.877000	668.609233
177.477000	668.609233
178.077000	668.609233
178.677000	662.895397
179.275000	668.609233
179.875000	668.609233
180.475000	668.609233
181.075000	668.609233
181.675000	662.895397
182.275000	668.609233
182.875000	668.609233
183.475000	668.609233
184.074000	668.609233
184.674000	668.609233
185.275000	668.609233
185.875000	668.609233
186.475000	668.609233
187.074000	668.609233
187.674000	668.609233
188.274000	668.609233
188.873000	668.609233
189.473000	745.487284
190.073000	668.609233
190.673000	668.609233
191.272000	668.609233
191.872000	668.609233
192.472000	668.609233
193.072000	668.609233
193.671000	668.609233
