178,106480
178,493382
178,880256
179,267103
179,653922
180,040713
180,427476
180,814211
181,200918
181,587598
181,974250
182,360873
182,747469
183,134037
183,520577
183,907089
184,293573
184,680029
185,066457
185,452857
185,839229
186,225573
186,611889
186,998176
187,384436
187,770668
188,156871
188,543046
188,929193
189,315312
189,701403
190,087466
190,473500
190,859506
191,245484
191,631434
192,017355
192,403248
192,789113
193,174949
193,560757
193,946537
194,332288
194,718011
195,103705
195,489371
195,875009
196,260618
196,646199
197,031751
197,417275
197,802771
198,188237
198,573676
198,959085
199,344466
199,729819
200,115143
200,500438
200,885705
201,270943
201,656152
202,041333
202,426485
202,811608
203,196703
203,581769
203,966806
204,351814
204,736794
205,121745
205,506667
205,891560
206,276424
206,661260
207,046066
207,430844
207,815593
208,200313
208,585003
208,969665
209,354299
209,738903
210,123478
210,508024
210,892541
211,277029
211,661488
212,045918
212,430318
212,814690
213,199033
213,583346
213,967631
214,351886
214,736112
215,120309
215,504476
215,888615
216,272724
216,656804
217,040854
217,424876
217,808868
218,192830
218,576764
218,960668
219,344543
219,728388
220,112204
220,495991
220,879748
221,263476
221,647174
222,030843
222,414482
222,798092
223,181672
223,565223
223,948744
224,332236
224,715698
225,099131
225,482534
225,865907
226,249251
226,632565
227,015850
227,399104
227,782329
228,165525
228,548691
228,931827
229,314933
229,698009
230,081056
230,464073
230,847060
231,230017
231,612944
231,995842
232,378709
232,761547
233,144355
233,527133
233,909881
234,292599
234,675287
235,057945
235,440574
235,823172
236,205740
236,588278
236,970786
237,353264
237,735712
238,118130
238,500517
238,882875
239,265202
239,647499
240,029767
240,412003
240,794210
241,176387
241,558533
241,940649
242,322734
242,704790
243,086815
243,468810
243,850774
244,232709
244,614612
244,996486
245,378329
245,760142
246,141924
246,523676
246,905397
247,287088
247,668748
248,050378
248,431978
248,813547
249,195085
249,576593
249,958070
250,339517
250,720933
251,102318
251,483673
251,864997
252,246291
252,627554
253,008786
253,389987
253,771158
254,152298
254,533408
254,914486
255,295534
255,676551
256,057537
256,438492
256,819417
257,200310
257,581173
257,962005
258,342806
258,723576
259,104315
259,485023
259,865700
260,246347
260,626962
261,007546
261,388099
261,768621
262,149112
262,529573
262,910002
263,290399
263,670766
264,051102
264,431406
264,811680
265,191922
265,572133
265,952313
266,332461
266,712578
267,092665
267,472719
267,852743
268,232735
268,612696
268,992626
269,372524
269,752391
270,132226
270,512030
270,891803
271,271545
271,651255
272,030933
272,410580
272,790196
273,169780
273,549332
273,928853
274,308343
274,687800
275,067227
275,446622
275,825985
276,205316
276,584616
276,963885
277,343121
277,722326
278,101499
278,480641
278,859751
279,238829
279,617875
279,996890
280,375873
280,754824
281,133743
281,512631
281,891486
282,270310
282,649102
283,027862
283,406590
283,785286
284,163950
284,542582
284,921183
285,299751
285,678287
286,056792
286,435264
286,813704
287,192112
287,570489
287,948833
288,327145
288,705425
289,083672
289,461888
289,840071
290,218223
290,596342
290,974429
291,352483
291,730506
292,108496
292,486454
292,864379
293,242273
293,620134
293,997963
294,375759
294,753523
295,131255
295,508954
295,886621
296,264255
296,641857
297,019427
297,396964
297,774469
298,151941
298,529380
298,906788
299,284162
299,661504
300,038814
300,416090
300,793335
301,170546
301,547726
301,924872
302,301986
302,679067
303,056115
303,433131
303,810114
304,187064
304,563982
304,940866
305,317718
305,694537
306,071324
306,448077
306,824798
307,201486
307,578141
307,954763
308,331352
308,707908
309,084432
309,460922
309,837379
310,213804
310,590195
310,966554
311,342879
311,719172
312,095431
312,471657
312,847851
313,224011
313,600138
313,976232
314,352292
314,728320
315,104314
315,480275
315,856203
316,232098
316,607960
316,983788
317,359583
317,735345
318,111073
318,486769
318,862430
319,238059
319,613654
319,989216
320,364744
320,740239
321,115701
321,491129
321,866524
322,241885
322,617213
322,992507
323,367768
323,742995
324,118189
324,493349
324,868475
325,243568
325,618628
325,993654
326,368646
326,743604
327,118529
327,493421
327,868278
328,243102
328,617892
328,992648
329,367371
329,742060
330,116715
330,491336
330,865924
331,240477
331,614997
331,989483
332,363935
332,738354
333,112738
333,487088
333,861405
334,235687
334,609936
334,984150
335,358331
335,732478
336,106590
336,480669
336,854713
337,228724
337,602700
337,976642
338,350550
338,724424
339,098264
339,472070
339,845842
340,219579
340,593282
340,966951
341,340586
341,714186
342,087752
342,461284
342,834782
343,208245
343,581674
343,955069
344,328429
344,701755
345,075047
345,448304
345,821526
346,194715
346,567869
346,940988
347,314073
347,687123
348,060139
348,433121
348,806067
349,178980
349,551858
349,924701
350,297509
350,670283
351,043023
351,415727
351,788397
352,161033
352,533633
352,906199
353,278731
353,651227
354,023689
354,396116
354,768508
355,140866
355,513188
355,885476
356,257729
356,629947
357,002130
357,374279
357,746392
358,118471
358,490514
358,862523
359,234497
359,606436
359,978339
360,350208
360,722042
361,093841
361,465604
361,837333
362,209026
362,580685
362,952308
363,323896
363,695449
364,066967
364,438450
364,809897
365,181310
365,552687
365,924028
366,295335
366,666606
367,037842
367,409043
367,780209
368,151339
368,522434
368,893493
369,264517
369,635506
370,006459
370,377377
370,748260
371,119107
371,489918
371,860694
372,231435
372,602140
372,972809
373,343444
373,714042
374,084605
374,455132
374,825624
375,196080
375,566501
375,936885
376,307235
376,677548
377,047826
377,418068
377,788275
378,158445
378,528580
378,898679
379,268743
379,638770
380,008762
380,378718
380,748638
381,118523
381,488371
381,858184
382,227960
382,597701
382,967406
383,337075
383,706708
384,076304
384,445865
384,815390
385,184879
385,554332
385,923749
386,293130
386,662474
387,031783
387,401055
387,770292
388,139492
388,508656
388,877784
389,246876
389,615931
389,984950
390,353933
390,722880
391,091791
391,460665
391,829503
392,198304
392,567070
392,935799
393,304491
393,673148
394,041768
394,410351
394,778898
395,147409
395,515883
395,884321
396,252722
396,621087
396,989415
397,357707
397,725962
398,094181
398,462363
398,830508
399,198617
399,566689
399,934725
400,302724
400,670687
401,038612
401,406501
401,774354
402,142169
402,509948
402,877690
403,245396
403,613064
403,980696
404,348291
404,715849
405,083370
405,450855
405,818303
406,185713
406,553087
406,920424
407,287724
407,654987
408,022213
408,389402
408,756554
409,123669
409,490748
409,857789
410,224793
410,591760
410,958689
411,325582
411,692438
412,059256
412,426038
412,792782
413,159489
413,526159
413,892792
414,259387
414,625945
414,992466
415,358950
415,725396
416,091806
416,458177
416,824512
417,190809
417,557069
417,923291
418,289476
418,655624
419,021734
419,387807
419,753843
420,119841
420,485801
420,851724
421,217609
421,583457
421,949268
422,315041
422,680776
423,046474
423,412134
423,777756
424,143341
424,508888
424,874398
425,239870
425,605304
425,970701
426,336059
426,701381
427,066664
427,431909
427,797117
428,162287
428,527419
428,892514
429,257570
429,622589
429,987570
430,352513
430,717418
431,082285
431,447114
431,811905
432,176659
432,541374
432,906051
433,270691
433,635292
433,999855
434,364380
434,728867
435,093317
435,457728
435,822100
436,186435
436,550732
436,914990
437,279210
437,643392
438,007536
438,371642
438,735709
439,099739
439,463730
439,827682
440,191597
440,555473
440,919310
441,283110
441,646871
442,010593
442,374278
442,737924
443,101531
443,465100
443,828631
444,192123
444,555577
444,918992
445,282368
445,645707
446,009006
446,372267
446,735490
447,098674
447,461819
447,824926
448,187994
448,551023
448,914014
449,276966
449,639880
450,002754
450,365590
450,728388
451,091146
451,453866
451,816547
452,179189
452,541793
452,904357
453,266883
453,629370
453,991818
454,354227
454,716597
455,078929
455,441221
455,803475
456,165689
456,527865
456,890001
457,252099
457,614157
457,976177
458,338157
458,700099
459,062001
459,423864
459,785688
460,147473
460,509219
460,870926
461,232593
461,594221
461,955810
462,317360
462,678871
463,040342
463,401775
463,763167
464,124521
464,485835
464,847110
465,208346
465,569542
465,930699
466,291817
466,652895
467,013933
467,374933
467,735892
468,096813
468,457694
468,818535
469,179337
469,540099
469,900822
470,261506
470,622149
470,982753
471,343318
471,703843
472,064328
472,424774
472,785180
473,145546
473,505873
473,866160
474,226407
474,586615
474,946783
475,306911
475,666999
476,027047
476,387056
476,747025
477,106954
477,466843
477,826692
478,186502
478,546271
478,906001
479,265690
479,625340
479,984950
480,344519
480,704049
481,063539
481,422989
481,782398
482,141768
482,501098
482,860387
483,219637
483,578846
483,938015
484,297144
484,656233
485,015282
485,374291
485,733259
486,092187
486,451075
486,809923
487,168730
487,527497
487,886224
488,244910
488,603557
488,962162
489,320728
489,679253
490,037738
490,396182
490,754586
491,112950
491,471273
491,829555
492,187798
492,545999
492,904160
493,262281
493,620361
493,978401
494,336400
494,694358
495,052276
495,410153
495,767990
496,125786
496,483541
496,841255
497,198929
497,556563
497,914155
498,271707
498,629218
498,986688
499,344118
499,701506
500,058854
500,416161
500,773428
501,130653
501,487837
501,844981
502,202084
502,559146
502,916167
503,273146
503,630085
503,986984
504,343841
504,700657
505,057432
505,414166
505,770858
506,127510
506,484121
506,840691
507,197219
507,553707
507,910153
508,266558
508,622922
508,979245
509,335527
509,691767
510,047966
510,404124
510,760241
511,116316
511,472350
511,828343
512,184295
512,540205
512,896073
513,251901
513,607687
513,963431
514,319135
514,674796
515,030417
515,385996
515,741533
516,097029
516,452483
516,807896
517,163268
517,518597
517,873886
518,229132
518,584337
518,939501
519,294623
519,649703
520,004742
520,359738
520,714694
521,069607
521,424479
521,779309
522,134097
522,488844
522,843549
523,198211
523,552833
523,907412
524,261949
524,616445
524,970899
525,325311
525,679681
526,034009
526,388295
526,742539
527,096742
527,450902
527,805020
528,159096
528,513131
528,867123
529,221073
529,574981
529,928847
530,282671
530,636453
530,990193
531,343891
531,697546
532,051159
532,404730
532,758259
533,111746
533,465190
533,818593
534,171952
534,525270
534,878545
535,231778
535,584969
535,938118
536,291224
536,644287
536,997309
537,350288
537,703224
538,056118
538,408970
538,761779
539,114546
539,467270
539,819951
540,172591
540,525187
540,877741
541,230253
541,582722
541,935148
542,287532
542,639873
542,992172
543,344427
543,696641
544,048811
544,400939
544,753024
545,105066
545,457066
545,809023
546,160937
546,512808
546,864636
547,216422
547,568165
547,919865
548,271522
548,623136
548,974707
549,326236
549,677721
550,029164
550,380563
550,731920
551,083233
551,434504
551,785731
552,136916
552,488057
552,839156
553,190211
553,541223
553,892193
554,243119
554,594002
554,944841
555,295638
555,646391
555,997101
556,347768
556,698392
557,048972
557,399510
557,750004
558,100454
558,450862
558,801226
559,151546
559,501824
559,852058
560,202248
560,552395
560,902499
561,252560
561,602576
561,952550
562,302480
562,652366
563,002209
563,352009
563,701765
564,051477
564,401146
564,750771
565,100353
565,449891
565,799385
566,148836
566,498243
566,847607
567,196927
567,546203
567,895435
568,244624
568,593768
568,942870
569,291927
569,640940
569,989910
570,338836
570,687718
571,036557
571,385351
571,734101
572,082808
572,431471
572,780089
573,128664
573,477195
573,825682
574,174125
574,522524
574,870879
575,219189
575,567456
575,915679
576,263858
576,611992
576,960083
577,308129
577,656131
578,004089
578,352003
578,699873
579,047698
579,395479
579,743217
580,090909
580,438558
580,786162
581,133722
581,481238
581,828709
582,176136
582,523519
582,870857
583,218151
583,565400
583,912605
584,259766
584,606882
584,953954
585,300981
585,647964
585,994902
586,341796
586,688646
587,035450
587,382210
587,728926
588,075597
588,422223
588,768805
589,115342
589,461835
589,808282
590,154685
590,501044
590,847357
591,193626
591,539851
591,886030
592,232165
592,578255
592,924300
593,270300
593,616255
593,962166
594,308032
594,653852
594,999628
595,345359
595,691045
596,036686
596,382283
596,727834
597,073340
597,418801
597,764217
598,109589
598,454915
598,800196
599,145432
599,490623
599,835768
600,180869
600,525925
600,870935
601,215900
601,560820
601,905695
602,250525
602,595309
602,940048
603,284742
603,629390
603,973994
604,318552
604,663064
605,007532
605,351954
605,696330
606,040661
606,384947
606,729188
607,073383
607,417532
607,761636
608,105695
608,449708
608,793676
609,137598
609,481474
609,825305
610,169091
610,512831
610,856525
611,200174
611,543777
611,887334
612,230846
612,574312
612,917733
613,261107
613,604436
613,947720
614,290957
614,634149
614,977295
615,320395
615,663450
616,006458
616,349421
616,692338
617,035209
617,378034
617,720813
618,063546
618,406234
618,748875
619,091471
619,434020
619,776524
620,118982
620,461393
620,803759
621,146078
621,488351
621,830579
622,172760
622,514895
622,856984
623,199027
623,541024
623,882974
624,224878
624,566737
624,908549
625,250314
625,592034
625,933707
626,275334
626,616914
626,958449
627,299937
627,641378
627,982774
628,324123
628,665425
629,006681
629,347891
629,689055
630,030171
630,371242
630,712266
631,053243
631,394174
631,735059
632,075897
632,416688
632,757433
633,098131
633,438783
633,779388
634,119946
634,460458
634,800923
635,141342
635,481713
635,822038
636,162317
636,502548
636,842733
637,182871
637,522963
637,863007
638,203005
638,542956
638,882860
639,222717
639,562528
639,902291
640,242008
640,581677
640,921300
641,260876
641,600405
641,939887
642,279322
642,618710
642,958050
643,297344
643,636591
643,975791
644,314944
644,654049
644,993108
645,332119
645,671083
646,010000
646,348870
646,687693
647,026468
647,365197
647,703878
648,042511
648,381098
648,719637
649,058129
649,396574
649,734971
650,073321
650,411624
650,749879
651,088087
651,426248
651,764361
652,102427
652,440445
652,778416
653,116339
653,454215
653,792043
654,129824
654,467557
654,805243
655,142881
655,480472
655,818015
656,155510
656,492958
656,830358
657,167711
657,505015
657,842273
658,179482
658,516644
658,853758
659,190824
659,527842
659,864813
660,201736
660,538611
660,875438
661,212218
661,548950
661,885633
662,222269
662,558857
662,895397
663,231889
663,568334
663,904730
664,241078
664,577378
664,913631
665,249835
665,585991
665,922099
666,258159
666,594171
666,930135
667,266051
667,601919
667,937738
668,273510
668,609233
668,944908
669,280535
669,616114
669,951644
670,287126
670,622560
670,957946
671,293283
671,628572
671,963813
672,299006
672,634150
672,969245
673,304293
673,639291
673,974242
674,309144
674,643998
674,978803
675,313560
675,648268
675,982928
676,317539
676,652101
676,986615
677,321081
677,655498
677,989866
678,324186
678,658457
678,992680
679,326854
679,660979
679,995055
680,329083
680,663062
680,996993
681,330874
681,664707
681,998491
682,332227
682,665913
682,999551
683,333140
683,666680
684,000171
684,333613
684,667006
685,000351
685,333646
685,666893
686,000091
686,333239
686,666339
686,999390
687,332391
687,665344
687,998247
688,331102
688,663907
688,996664
689,329371
689,662029
689,994638
690,327198
690,659708
690,992170
691,324582
691,656945
691,989259
692,321524
692,653739
692,985905
693,318022
693,650089
693,982107
694,314076
694,645996
694,977866
695,309686
695,641458
695,973180
696,304852
696,636475
696,968049
697,299573
697,631047
697,962472
698,293848
698,625174
698,956451
699,287678
699,618855
699,949983
700,281061
700,612089
700,943068
701,273998
701,604877
701,935707
702,266487
702,597218
702,927899
703,258530
703,589111
703,919642
704,250124
704,580556
704,910938
705,241270
705,571553
705,901785
706,231968
706,562101
706,892184
707,222216
707,552199
707,882132
708,212016
708,541849
708,871632
709,201365
709,531048
709,860681
710,190264
710,519796
710,849279
711,178712
711,508094
711,837427
712,166709
712,495941
712,825123
713,154255
713,483336
713,812367
714,141348
714,470279
714,799159
715,127990
715,456769
715,785499
716,114178
716,442807
716,771385
717,099914
717,428391
717,756819
718,085195
718,413522
718,741798
719,070023
719,398198
719,726323
720,054397
720,382420
720,710393
721,038316
721,366188
721,694009
722,021779
722,349499
722,677169
723,004787
723,332355
723,659873
723,987339
724,314755
724,642120
724,969435
725,296699
725,623911
725,951074
726,278185
726,605245
726,932255
727,259214
727,586122
727,912979
728,239785
728,566540
728,893245
729,219898
729,546501
729,873052
730,199552
730,526002
730,852400
731,178748
731,505044
731,831290
732,157484
732,483627
732,809719
733,135760
733,461750
733,787688
734,113576
734,439412
734,765197
735,090931
735,416614
735,742245
736,067825
736,393354
736,718832
737,044258
737,369633
737,694957
738,020229
738,345450
738,670619
738,995738
739,320804
739,645820
739,970784
740,295696
740,620557
740,945366
741,270124
741,594831
741,919486
742,244089
742,568641
742,893141
743,217590
743,541987
743,866332
744,190626
744,514868
744,839058
745,163197
745,487284
745,811320
746,135303
746,459235
746,783115
747,106944
747,430720
747,754445
748,078118
748,401739
748,725308
749,048825
749,372291
749,695705
750,019066
750,342376
750,665634
750,988840
751,311994
751,635096
751,958146
752,281143
752,604089
752,926983
753,249825
753,572615
753,895352
754,218038
754,540671
754,863252
755,185781
755,508258
755,830683
756,153056
756,475376
756,797644
757,119860
757,442023
757,764135
758,086194
758,408201
758,730155
759,052057
759,373907
759,695704
760,017449
760,339142
760,660782
760,982370
761,303905
761,625388
761,946818
762,268196
762,589521
762,910794
763,232015
763,553182
763,874298
764,195360
764,516370
764,837328
765,158233
765,479085
765,799885
766,120631
766,441326
766,761967
767,082556
767,403092
767,723575
768,044006
768,364384
768,684709
769,004981
769,325200
769,645367
769,965481
770,285541
770,605549
770,925504
771,245407
771,565256
771,885052
772,204795
772,524486
772,844123
773,163708
773,483239
773,802717
774,122142
774,441515
774,760834
775,080100
775,399313
775,718473
776,037579
776,356633
776,675633
776,994580
777,313474
777,632315
777,951103
778,269837
778,588518
778,907146
779,225720
779,544242
779,862709
780,181124
780,499485
780,817793
781,136047
781,454248
781,772396
782,090490
782,408531
782,726518
783,044452
783,362333
783,680159
783,997933
784,315653
784,633319
784,950932
785,268491
785,585996
785,903448
786,220847
786,538191
786,855482
787,172720
787,489903
787,807033
788,124110
788,441132
788,758101
789,075016
789,391877
789,708685
790,025438
790,342138
790,658784
790,975376
791,291915
791,608399
791,924830
792,241206
792,557529
792,873798
793,190012
793,506173
793,822280
794,138333
794,454332
794,770277
795,086167
795,402004
795,717787
796,033515
796,349190
796,664810
796,980376
797,295888
797,611346
797,926750
798,242099
798,557394
798,872635
799,187822
799,502955
799,818033
800,133057
800,448027
800,762942
801,077803
801,392610
801,707362
802,022060
802,336703
802,651292
802,965827
803,280307
803,594733
803,909104
804,223421
804,537684
804,851891
805,166045
805,480143
805,794188
806,108177
806,422112
806,735993
807,049818
807,363590
807,677306
807,990968
808,304575
808,618128
808,931625
809,245068
809,558457
809,871790
810,185069
810,498293
810,811462
811,124576
811,437636
811,750640
812,063590
812,376485
812,689325
813,002110
813,314840
813,627516
813,940136
814,252701
814,565212
814,877667
815,190067
815,502413
815,814703
816,126938
816,439118
816,751243
817,063313
817,375328
817,687287
817,999192
818,311041
818,622835
818,934574
819,246258
819,557887
819,869460
820,180978
820,492441
820,803848
821,115200
821,426497
821,737739
822,048925
822,360056
822,671131
822,982151
823,293116
823,604025
823,914879
824,225677
824,536420
824,847107
825,157739
825,468315
825,778836
826,089301
826,399711
826,710065
827,020363
827,330606
827,640794
827,950925
828,261001
828,571022
828,880986
829,190895
829,500749
829,810546
830,120288
830,429974
830,739604
831,049179
831,358697
831,668160
831,977567
832,286918
832,596213
832,905453
833,214636
833,523764
833,832836
834,141851
834,450811
834,759715
835,068563
835,377355
835,686091
835,994770
836,303394
836,611962
836,920473
837,228929
837,537328
837,845672
838,153959
838,462190
838,770365
839,078483
839,386546
839,694552
840,002502
840,310396
840,618233
840,926015
841,233739
841,541408
841,849020
842,156576
842,464076
842,771519
843,078906
843,386237
843,693511
844,000729
844,307890
844,614995
844,922043
845,229035
845,535970
845,842849
846,149671
846,456437
846,763146
847,069799
847,376395
847,682934
847,989417
848,295843
848,602213
848,908526
849,214782
849,520981
849,827124
850,133210
850,439239
850,745212
851,051128
851,356987
851,662789
851,968534
852,274223
852,579854
852,885429
853,190947
853,496408
853,801812
854,107160
854,412450
854,717683
855,022859
855,327979
855,633041
855,938046
856,242995
856,547886
856,852720
857,157497
857,462217
857,766880
858,071486
858,376035
858,680526
858,984961
859,289338
859,593658
859,897921
860,202126
860,506275
860,810366
861,114399
861,418376
861,722295
862,026157
862,329961
862,633709
862,937398
863,241031
863,544606
863,848124
864,151584
864,454987
864,758332
865,061620
865,364850
865,668023
865,971138
866,274196
866,577196
866,880139
867,183024
867,485852
867,788622
868,091334
868,393989
868,696586
868,999125
869,301607
869,604031
869,906397
870,208706
870,510957
870,813150
871,115285
871,417363
871,719382
872,021344
872,323248
872,625094
872,926883
873,228613
873,530286
873,831900
874,133457
874,434956
874,736397
875,037780
875,339105
875,640371
875,941580
876,242731
876,543824
876,844859
877,145835
877,446754
877,747614
878,048417
878,349161
878,649847
878,950475
879,251045
879,551556
879,852010
880,152405
880,452741
880,753020
881,053240
881,353402
881,653506
881,953552
882,253539
882,553467
882,853338
883,153150
883,452903
883,752598
884,052235
884,351814
884,651333
884,950795
885,250198
885,549542
885,848828
886,148055
886,447224
886,746335
887,045386
887,344379
887,643314
887,942190
888,241007
888,539766
888,838465
889,137107
889,435689
889,734213
890,032678
890,331085
