300.577233	0.781818	-0.178788	-0.278788	-4.333333	3.718182
301.357859	-1.218182	0.821212	-2.278788	1.666667	3.718182
302.138410	1.781818	-2.178788	0.721212	-0.333333	3.718182
302.918884	-0.218182	2.821212	4.721212	-1.333333	0.718182
303.699282	2.781818	10.821212	-0.278788	-0.333333	6.718182
304.479604	1.781818	5.821212	9.721212	3.666667	1.718182
305.259850	3.781818	4.821212	6.721212	-0.333333	3.718182
306.040019	3.781818	3.821212	-0.278788	1.666667	1.718182
306.820113	1.781818	3.821212	1.721212	4.666667	4.718182
307.600131	5.781818	9.821212	8.721212	4.666667	5.718182
308.380073	-2.218182	4.821212	2.721212	3.666667	6.718182
309.159938	6.781818	7.821212	4.721212	-1.333333	3.718182
309.939728	5.781818	9.821212	10.721212	9.666667	9.718182
310.719441	2.781818	-0.178788	-0.278788	-0.333333	3.718182
311.499079	-0.218182	2.821212	2.721212	5.666667	4.718182
312.278640	-0.218182	1.821212	7.721212	-0.333333	1.718182
313.058125	1.781818	5.821212	4.721212	-2.333333	1.718182
313.837534	7.781818	1.821212	-0.278788	2.666667	-2.281818
314.616868	7.781818	3.821212	1.721212	9.666667	-0.281818
315.396125	5.781818	-1.178788	-3.278788	1.666667	-0.281818
316.175306	7.781818	3.821212	2.721212	8.666667	2.718182
316.954411	4.781818	-1.178788	6.721212	8.666667	2.718182
317.733440	-0.218182	0.821212	2.721212	0.666667	-0.281818
318.512392	-1.218182	0.821212	4.721212	0.666667	1.718182
319.291269	-2.218182	5.821212	5.721212	-3.333333	3.718182
320.070070	1.781818	5.821212	1.721212	1.666667	-0.281818
320.848794	-2.218182	4.821212	6.721212	0.666667	5.718182
321.627443	5.781818	7.821212	0.721212	3.666667	6.718182
322.406016	4.781818	3.821212	0.721212	7.666667	-2.281818
323.184512	-4.218182	0.821212	5.721212	3.666667	-1.281818
323.962932	0.781818	2.821212	4.721212	-1.333333	6.718182
324.741277	3.781818	-0.178788	1.721212	9.666667	2.718182
325.519545	7.781818	7.821212	5.721212	10.666667	7.718182
326.297737	5.781818	6.821212	9.721212	14.666667	-2.281818
327.075853	4.781818	1.821212	2.721212	6.666667	1.718182
327.853893	-0.218182	2.821212	7.721212	0.666667	7.718182
328.631857	3.781818	6.821212	1.721212	2.666667	-0.281818
329.409745	-1.218182	0.821212	4.721212	1.666667	0.718182
330.187557	-1.218182	-3.178788	-0.278788	-3.333333	-2.281818
330.965293	5.781818	4.821212	6.721212	-0.333333	3.718182
331.742953	3.781818	5.821212	-3.278788	3.666667	3.718182
332.520536	2.781818	1.821212	3.721212	0.666667	8.718182
333.298044	0.781818	5.821212	4.721212	2.666667	1.718182
334.075475	-0.218182	-2.178788	1.721212	1.666667	-0.281818
334.852831	-1.218182	1.821212	4.721212	4.666667	2.718182
335.630110	2.781818	0.821212	2.721212	6.666667	4.718182
336.407314	2.781818	2.821212	-0.278788	3.666667	4.718182
337.184441	1.781818	4.821212	-0.278788	-0.333333	-0.281818
337.961492	4.781818	-2.178788	4.721212	6.666667	7.718182
338.738467	6.781818	0.821212	-3.278788	5.666667	5.718182
339.515366	5.781818	3.821212	2.721212	6.666667	7.718182
340.292189	-1.218182	1.821212	3.721212	8.666667	0.718182
341.068936	5.781818	4.821212	6.721212	7.666667	6.718182
341.845607	1.781818	3.821212	0.721212	0.666667	8.718182
342.622202	2.781818	4.821212	0.721212	7.666667	3.718182
343.398721	2.781818	7.821212	5.721212	3.666667	1.718182
344.175164	5.781818	3.821212	2.721212	-0.333333	4.718182
344.951530	5.781818	5.821212	3.721212	-0.333333	-0.281818
345.727821	4.781818	5.821212	7.721212	2.666667	7.718182
346.504035	0.781818	7.821212	-0.278788	-1.333333	2.718182
347.280174	0.781818	-2.178788	3.721212	3.666667	0.718182
348.056236	0.781818	6.821212	4.721212	3.666667	0.718182
348.832223	3.781818	7.821212	5.721212	-4.333333	4.718182
349.608133	6.781818	9.821212	9.721212	7.666667	7.718182
350.383967	5.781818	6.821212	4.721212	9.666667	3.718182
351.159725	3.781818	3.821212	1.721212	-0.333333	1.718182
351.935407	4.781818	0.821212	-1.278788	2.666667	2.718182
352.711013	6.781818	4.821212	-3.278788	-0.333333	6.718182
353.486543	5.781818	2.821212	-1.278788	6.666667	2.718182
354.261997	-3.218182	6.821212	-0.278788	1.666667	3.718182
355.037375	5.781818	5.821212	4.721212	3.666667	-2.281818
355.812677	4.781818	2.821212	6.721212	-0.333333	1.718182
356.587902	5.781818	1.821212	4.721212	0.666667	0.718182
357.363052	-0.218182	4.821212	4.721212	7.666667	5.718182
358.138125	3.781818	2.821212	-1.278788	7.666667	-0.281818
358.913123	2.781818	4.821212	0.721212	4.666667	-0.281818
359.688044	7.781818	6.821212	5.721212	7.666667	8.718182
360.462890	5.781818	2.821212	6.721212	-0.333333	5.718182
361.237659	7.781818	4.821212	6.721212	6.666667	4.718182
362.012352	8.781818	6.821212	4.721212	3.666667	9.718182
362.786969	0.781818	4.821212	5.721212	6.666667	4.718182
363.561511	13.781818	8.821212	7.721212	12.666667	15.718182
364.335976	3.781818	5.821212	4.721212	4.666667	8.718182
365.110365	-0.218182	-2.178788	2.721212	5.666667	2.718182
365.884677	7.781818	7.821212	5.721212	-0.333333	7.718182
366.658914	5.781818	7.821212	2.721212	3.666667	2.718182
367.433075	2.781818	7.821212	-0.278788	5.666667	3.718182
368.207160	5.781818	7.821212	2.721212	6.666667	3.718182
368.981168	3.781818	0.821212	3.721212	3.666667	5.718182
369.755101	6.781818	4.821212	1.721212	3.666667	-2.281818
370.528958	4.781818	4.821212	5.721212	2.666667	1.718182
371.302738	5.781818	3.821212	6.721212	7.666667	3.718182
372.076442	3.781818	7.821212	4.721212	3.666667	0.718182
372.850071	5.781818	6.821212	3.721212	4.666667	3.718182
373.623623	3.781818	0.821212	3.721212	7.666667	9.718182
374.397099	9.781818	6.821212	3.721212	6.666667	8.718182
375.170499	0.781818	3.821212	4.721212	4.666667	5.718182
375.943823	5.781818	1.821212	3.721212	2.666667	3.718182
376.717072	3.781818	2.821212	1.721212	3.666667	7.718182
377.490243	3.781818	6.821212	7.721212	2.666667	3.718182
378.263339	4.781818	7.821212	7.721212	7.666667	6.718182
379.036359	6.781818	5.821212	3.721212	7.666667	-1.281818
379.809303	3.781818	1.821212	-0.278788	4.666667	6.718182
380.582171	6.781818	10.821212	0.721212	5.666667	5.718182
381.354962	7.781818	3.821212	4.721212	4.666667	5.718182
382.127678	2.781818	9.821212	2.721212	6.666667	4.718182
382.900317	3.781818	4.821212	5.721212	3.666667	2.718182
383.672881	3.781818	10.821212	-0.278788	2.666667	4.718182
384.445368	9.781818	0.821212	1.721212	5.666667	4.718182
385.217779	9.781818	5.821212	7.721212	4.666667	6.718182
385.990115	8.781818	7.821212	11.721212	4.666667	7.718182
386.762374	9.781818	9.821212	6.721212	1.666667	3.718182
387.534557	3.781818	8.821212	7.721212	7.666667	2.718182
388.306664	6.781818	8.821212	5.721212	13.666667	6.718182
389.078695	10.781818	8.821212	2.721212	7.666667	10.718182
389.850650	0.781818	6.821212	2.721212	5.666667	6.718182
390.622529	6.781818	7.821212	5.721212	5.666667	6.718182
391.394332	3.781818	5.821212	3.721212	7.666667	9.718182
392.166058	3.781818	9.821212	7.721212	7.666667	8.718182
392.937709	6.781818	9.821212	8.721212	5.666667	6.718182
393.709284	5.781818	6.821212	6.721212	8.666667	5.718182
394.480782	-4.218182	9.821212	2.721212	1.666667	7.718182
395.252205	5.781818	1.821212	6.721212	3.666667	5.718182
396.023551	2.781818	8.821212	1.721212	5.666667	6.718182
396.794821	4.781818	3.821212	1.721212	2.666667	7.718182
397.566016	3.781818	0.821212	3.721212	6.666667	3.718182
398.337134	5.781818	6.821212	6.721212	2.666667	2.718182
399.108176	7.781818	4.821212	6.721212	5.666667	-1.281818
399.879142	13.781818	12.821212	10.721212	8.666667	5.718182
400.650032	10.781818	6.821212	-0.278788	6.666667	5.718182
401.420846	4.781818	6.821212	3.721212	4.666667	2.718182
402.191584	6.781818	9.821212	6.721212	3.666667	7.718182
402.962246	1.781818	5.821212	5.721212	7.666667	4.718182
403.732832	19.781818	19.821212	12.721212	13.666667	18.718182
404.503341	5.781818	5.821212	9.721212	1.666667	12.718182
405.273775	6.781818	2.821212	6.721212	3.666667	3.718182
406.044132	5.781818	4.821212	6.721212	8.666667	8.718182
406.814414	6.781818	11.821212	9.721212	9.666667	9.718182
407.584619	9.781818	7.821212	3.721212	5.666667	5.718182
408.354749	2.781818	9.821212	3.721212	2.666667	4.718182
409.124802	8.781818	8.821212	7.721212	6.666667	9.718182
409.894779	8.781818	8.821212	4.721212	7.666667	6.718182
410.664681	3.781818	6.821212	6.721212	10.666667	6.718182
411.434506	4.781818	3.821212	8.721212	2.666667	4.718182
412.204255	5.781818	4.821212	4.721212	10.666667	4.718182
412.973928	6.781818	8.821212	6.721212	3.666667	5.718182
413.743525	12.781818	6.821212	10.721212	8.666667	8.718182
414.513045	7.781818	2.821212	11.721212	12.666667	12.718182
415.282490	11.781818	5.821212	8.721212	13.666667	8.718182
416.051859	13.781818	13.821212	12.721212	9.666667	8.718182
416.821152	12.781818	15.821212	12.721212	10.666667	13.718182
417.590368	10.781818	12.821212	5.721212	9.666667	4.718182
418.359509	12.781818	4.821212	7.721212	8.666667	9.718182
419.128573	9.781818	8.821212	5.721212	15.666667	8.718182
419.897562	15.781818	10.821212	15.721212	12.666667	15.718182
420.666474	16.781818	12.821212	12.721212	9.666667	15.718182
421.435310	17.781818	20.821212	10.721212	16.666667	15.718182
422.204071	13.781818	14.821212	20.721212	14.666667	16.718182
422.972755	23.781818	18.821212	17.721212	23.666667	19.718182
423.741363	19.781818	24.821212	22.721212	20.666667	19.718182
424.509895	21.781818	26.821212	23.721212	25.666667	19.718182
425.278351	31.781818	29.821212	26.721212	31.666667	31.718182
426.046731	34.781818	32.821212	28.721212	27.666667	24.718182
426.815035	41.781818	47.821212	46.721212	43.666667	39.718182
427.583262	40.781818	40.821212	42.721212	39.666667	39.718182
428.351414	49.781818	49.821212	47.721212	46.666667	44.718182
429.119490	53.781818	59.821212	49.721212	53.666667	50.718182
429.887489	60.781818	65.821212	57.721212	54.666667	57.718182
430.655413	70.781818	75.821212	65.721212	67.666667	67.718182
431.423260	83.781818	84.821212	83.721212	76.666667	75.718182
432.191032	90.781818	97.821212	93.721212	85.666667	86.718182
432.958727	101.781818	103.821212	107.721212	94.666667	92.718182
433.726346	114.781818	118.821212	109.721212	109.666667	99.718182
434.493889	128.781818	130.821212	128.721212	117.666667	117.718182
435.261357	153.781818	159.821212	149.721212	145.666667	132.718182
436.028748	154.781818	162.821212	154.721212	156.666667	150.718182
436.796063	182.781818	186.821212	187.721212	180.666667	172.718182
437.563302	212.781818	203.821212	203.721212	197.666667	190.718182
438.330465	235.781818	234.821212	234.721212	225.666667	211.718182
439.097551	252.781818	255.821212	244.721212	241.666667	233.718182
439.864562	283.781818	280.821212	266.721212	270.666667	242.718182
440.631497	318.781818	324.821212	309.721212	306.666667	298.718182
441.398355	350.781818	366.821212	359.721212	347.666667	316.718182
442.165138	379.781818	378.821212	379.721212	363.666667	346.718182
442.931844	435.781818	427.821212	419.721212	409.666667	374.718182
443.698475	460.781818	475.821212	450.721212	436.666667	421.718182
444.465029	511.781818	523.821212	501.721212	489.666667	467.718182
445.231508	565.781818	570.821212	551.721212	545.666667	502.718182
445.997910	620.781818	623.821212	604.721212	573.666667	554.718182
446.764236	668.781818	677.821212	646.721212	648.666667	602.718182
447.530486	752.781818	771.821212	736.721212	720.666667	662.718182
448.296660	803.781818	829.821212	782.721212	763.666667	725.718182
449.062758	891.781818	911.821212	885.721212	869.666667	814.718182
449.828780	942.781818	964.821212	937.721212	879.666667	853.718182
450.594726	1015.781818	1046.821212	998.721212	991.666667	926.718182
451.360596	1100.781818	1113.821212	1103.721212	1045.666667	982.718182
452.126389	1178.781818	1213.821212	1164.721212	1141.666667	1064.718182
452.892107	1266.781818	1274.821212	1240.721212	1209.666667	1112.718182
453.657749	1304.781818	1309.821212	1260.721212	1240.666667	1164.718182
454.423314	1458.781818	1489.821212	1386.721212	1392.666667	1304.718182
455.188804	1407.781818	1475.821212	1409.721212	1378.666667	1272.718182
455.954217	1561.781818	1582.821212	1536.721212	1490.666667	1392.718182
456.719554	1620.781818	1664.821212	1566.721212	1563.666667	1469.718182
457.484816	1669.781818	1669.821212	1629.721212	1601.666667	1510.718182
458.250001	1693.781818	1700.821212	1663.721212	1615.666667	1536.718182
459.015110	1767.781818	1795.821212	1732.721212	1686.666667	1587.718182
459.780143	1759.781818	1751.821212	1674.721212	1664.666667	1563.718182
460.545100	1648.781818	1695.821212	1622.721212	1599.666667	1509.718182
461.309981	1674.781818	1684.821212	1650.721212	1617.666667	1508.718182
462.074786	1654.781818	1669.821212	1636.721212	1586.666667	1481.718182
462.839515	1655.781818	1682.821212	1604.721212	1547.666667	1475.718182
463.604167	1545.781818	1560.821212	1492.721212	1468.666667	1381.718182
464.368744	1525.781818	1532.821212	1467.721212	1445.666667	1352.718182
465.133245	1434.781818	1457.821212	1399.721212	1358.666667	1291.718182
465.897669	1384.781818	1395.821212	1361.721212	1311.666667	1233.718182
466.662018	1284.781818	1300.821212	1258.721212	1241.666667	1159.718182
467.426290	1180.781818	1206.821212	1157.721212	1128.666667	1077.718182
468.190487	1085.781818	1111.821212	1065.721212	1067.666667	992.718182
468.954607	1037.781818	1065.821212	1045.721212	993.666667	959.718182
469.718651	958.781818	966.821212	940.721212	916.666667	876.718182
470.482619	906.781818	926.821212	907.721212	862.666667	830.718182
471.246511	845.781818	877.821212	839.721212	820.666667	759.718182
472.010328	786.781818	786.821212	767.721212	745.666667	696.718182
472.774068	728.781818	740.821212	711.721212	683.666667	643.718182
473.537731	698.781818	701.821212	671.721212	651.666667	614.718182
474.301319	627.781818	624.821212	604.721212	587.666667	554.718182
475.064831	582.781818	582.821212	567.721212	565.666667	538.718182
475.828267	556.781818	556.821212	536.721212	533.666667	506.718182
476.591627	516.781818	513.821212	490.721212	485.666667	441.718182
477.354910	488.781818	477.821212	467.721212	453.666667	430.718182
478.118118	438.781818	427.821212	430.721212	409.666667	401.718182
478.881249	417.781818	423.821212	397.721212	390.666667	376.718182
479.644305	396.781818	398.821212	385.721212	390.666667	348.718182
480.407284	356.781818	366.821212	356.721212	348.666667	329.718182
481.170187	343.781818	353.821212	347.721212	322.666667	305.718182
481.933014	314.781818	323.821212	305.721212	311.666667	280.718182
482.695766	300.781818	295.821212	287.721212	282.666667	271.718182
483.458441	269.781818	279.821212	269.721212	252.666667	250.718182
484.221040	247.781818	251.821212	246.721212	243.666667	235.718182
484.983563	241.781818	247.821212	229.721212	230.666667	219.718182
485.746010	222.781818	221.821212	211.721212	216.666667	199.718182
486.508380	211.781818	210.821212	202.721212	197.666667	183.718182
487.270675	192.781818	192.821212	190.721212	182.666667	181.718182
488.032894	170.781818	176.821212	172.721212	168.666667	156.718182
488.795036	164.781818	165.821212	172.721212	167.666667	153.718182
489.557103	159.781818	164.821212	157.721212	153.666667	151.718182
490.319094	140.781818	144.821212	145.721212	133.666667	130.718182
491.081008	125.781818	135.821212	134.721212	123.666667	118.718182
491.842846	119.781818	128.821212	128.721212	124.666667	105.718182
492.604609	113.781818	114.821212	111.721212	108.666667	104.718182
493.366295	112.781818	112.821212	99.721212	101.666667	97.718182
494.127905	112.781818	105.821212	91.721212	91.666667	84.718182
494.889439	84.781818	91.821212	89.721212	88.666667	85.718182
495.650897	90.781818	84.821212	85.721212	78.666667	76.718182
496.412279	82.781818	83.821212	69.721212	78.666667	69.718182
497.173585	71.781818	78.821212	71.721212	70.666667	71.718182
497.934815	75.781818	71.821212	75.721212	73.666667	64.718182
498.695969	64.781818	61.821212	68.721212	58.666667	62.718182
499.457047	55.781818	59.821212	63.721212	57.666667	52.718182
500.218048	60.781818	57.821212	60.721212	56.666667	54.718182
500.978974	51.781818	60.821212	54.721212	55.666667	51.718182
501.739824	51.781818	41.821212	49.721212	55.666667	45.718182
502.500597	51.781818	54.821212	48.721212	46.666667	36.718182
503.261294	49.781818	52.821212	42.721212	37.666667	43.718182
504.021916	42.781818	45.821212	48.721212	39.666667	42.718182
504.782461	29.781818	37.821212	41.721212	42.666667	33.718182
505.542930	42.781818	34.821212	39.721212	36.666667	40.718182
506.303323	32.781818	36.821212	46.721212	39.666667	33.718182
507.063641	34.781818	44.821212	44.721212	34.666667	29.718182
507.823882	35.781818	32.821212	31.721212	34.666667	37.718182
508.584047	31.781818	35.821212	31.721212	32.666667	30.718182
509.344135	41.781818	35.821212	38.721212	34.666667	39.718182
510.104148	37.781818	32.821212	38.721212	24.666667	26.718182
510.864085	34.781818	33.821212	32.721212	37.666667	31.718182
511.623946	36.781818	34.821212	30.721212	33.666667	33.718182
512.383730	36.781818	35.821212	33.721212	28.666667	25.718182
513.143439	29.781818	26.821212	25.721212	32.666667	19.718182
513.903072	28.781818	29.821212	27.721212	31.666667	27.718182
514.662628	26.781818	25.821212	26.721212	23.666667	31.718182
515.422108	25.781818	27.821212	29.721212	31.666667	26.718182
516.181513	30.781818	26.821212	26.721212	25.666667	27.718182
516.940841	23.781818	29.821212	26.721212	28.666667	19.718182
517.700093	26.781818	26.821212	27.721212	21.666667	21.718182
518.459269	23.781818	24.821212	33.721212	20.666667	25.718182
519.218369	20.781818	26.821212	23.721212	23.666667	21.718182
519.977393	19.781818	25.821212	28.721212	26.666667	24.718182
520.736341	26.781818	27.821212	34.721212	23.666667	24.718182
521.495213	19.781818	26.821212	24.721212	24.666667	23.718182
522.254009	22.781818	27.821212	25.721212	20.666667	22.718182
523.012729	23.781818	17.821212	22.721212	22.666667	19.718182
523.771372	25.781818	20.821212	23.721212	21.666667	22.718182
524.529940	22.781818	27.821212	25.721212	20.666667	21.718182
525.288432	22.781818	26.821212	21.721212	17.666667	19.718182
526.046847	20.781818	21.821212	22.721212	20.666667	22.718182
526.805187	18.781818	22.821212	17.721212	20.666667	19.718182
527.563450	19.781818	26.821212	23.721212	25.666667	21.718182
528.321637	23.781818	19.821212	17.721212	20.666667	20.718182
529.079748	22.781818	15.821212	19.721212	16.666667	20.718182
529.837784	19.781818	16.821212	18.721212	23.666667	18.718182
530.595743	17.781818	23.821212	20.721212	21.666667	13.718182
531.353626	27.781818	24.821212	25.721212	23.666667	22.718182
532.111433	25.781818	21.821212	21.721212	18.666667	15.718182
532.869164	15.781818	21.821212	19.721212	16.666667	25.718182
533.626819	18.781818	22.821212	16.721212	19.666667	23.718182
534.384397	23.781818	21.821212	22.721212	20.666667	15.718182
535.141900	20.781818	19.821212	21.721212	18.666667	14.718182
535.899327	20.781818	15.821212	20.721212	18.666667	18.718182
536.656677	17.781818	15.821212	17.721212	17.666667	19.718182
537.413952	23.781818	27.821212	20.721212	20.666667	21.718182
538.171150	18.781818	22.821212	22.721212	16.666667	16.718182
538.928273	17.781818	17.821212	22.721212	21.666667	16.718182
539.685319	18.781818	21.821212	15.721212	20.666667	16.718182
540.442289	15.781818	19.821212	22.721212	22.666667	17.718182
541.199184	20.781818	24.821212	18.721212	22.666667	22.718182
541.956002	15.781818	11.821212	20.721212	17.666667	15.718182
542.712744	15.781818	16.821212	12.721212	15.666667	17.718182
543.469410	17.781818	11.821212	21.721212	16.666667	21.718182
544.226000	17.781818	11.821212	13.721212	19.666667	14.718182
544.982514	16.781818	18.821212	19.721212	14.666667	15.718182
545.738951	25.781818	12.821212	18.721212	15.666667	16.718182
546.495313	18.781818	21.821212	11.721212	16.666667	14.718182
547.251599	18.781818	12.821212	12.721212	22.666667	15.718182
548.007809	17.781818	18.821212	16.721212	19.666667	18.718182
548.763942	16.781818	13.821212	17.721212	14.666667	14.718182
549.520000	17.781818	15.821212	16.721212	16.666667	13.718182
550.275981	21.781818	19.821212	23.721212	21.666667	15.718182
551.031886	17.781818	20.821212	15.721212	15.666667	18.718182
551.787716	12.781818	15.821212	15.721212	19.666667	14.718182
552.543469	14.781818	18.821212	9.721212	17.666667	10.718182
553.299146	16.781818	15.821212	21.721212	10.666667	19.718182
554.054747	19.781818	13.821212	15.721212	9.666667	18.718182
554.810272	14.781818	11.821212	19.721212	15.666667	16.718182
555.565721	14.781818	18.821212	18.721212	19.666667	20.718182
556.321094	15.781818	18.821212	22.721212	19.666667	24.718182
557.076391	16.781818	14.821212	16.721212	12.666667	16.718182
557.831612	19.781818	14.821212	17.721212	13.666667	16.718182
558.586757	24.781818	21.821212	17.721212	13.666667	14.718182
559.341825	13.781818	15.821212	10.721212	19.666667	19.718182
560.096818	16.781818	17.821212	14.721212	16.666667	19.718182
560.851734	19.781818	19.821212	16.721212	18.666667	18.718182
561.606575	17.781818	18.821212	16.721212	18.666667	19.718182
562.361339	20.781818	22.821212	17.721212	18.666667	15.718182
563.116028	17.781818	15.821212	20.721212	14.666667	20.718182
563.870640	13.781818	20.821212	18.721212	18.666667	16.718182
564.625176	20.781818	16.821212	22.721212	18.666667	16.718182
565.379636	16.781818	17.821212	19.721212	16.666667	17.718182
566.134020	20.781818	20.821212	18.721212	20.666667	25.718182
566.888328	20.781818	27.821212	27.721212	20.666667	26.718182
567.642560	23.781818	17.821212	21.721212	19.666667	22.718182
568.396716	22.781818	20.821212	18.721212	22.666667	21.718182
569.150796	20.781818	20.821212	24.721212	20.666667	21.718182
569.904800	13.781818	22.821212	23.721212	22.666667	17.718182
570.658728	21.781818	25.821212	27.721212	25.666667	21.718182
571.412579	22.781818	27.821212	22.721212	26.666667	20.718182
572.166355	23.781818	29.821212	19.721212	24.666667	23.718182
572.920054	29.781818	21.821212	26.721212	21.666667	26.718182
573.673678	29.781818	25.821212	24.721212	23.666667	23.718182
574.427225	21.781818	31.821212	21.721212	29.666667	23.718182
575.180697	28.781818	29.821212	24.721212	27.666667	23.718182
575.934092	29.781818	31.821212	27.721212	24.666667	25.718182
576.687411	26.781818	29.821212	27.721212	30.666667	25.718182
577.440654	30.781818	36.821212	32.721212	30.666667	30.718182
578.193821	34.781818	36.821212	32.721212	30.666667	33.718182
578.946912	31.781818	28.821212	36.721212	33.666667	36.718182
579.699927	40.781818	40.821212	36.721212	30.666667	29.718182
580.452866	34.781818	35.821212	45.721212	36.666667	44.718182
581.205729	43.781818	48.821212	44.721212	42.666667	39.718182
581.958516	56.781818	54.821212	49.721212	45.666667	46.718182
582.711226	45.781818	50.821212	50.721212	40.666667	41.718182
583.463861	41.781818	47.821212	50.721212	46.666667	46.718182
584.216419	48.781818	55.821212	45.721212	47.666667	52.718182
584.968902	56.781818	54.821212	53.721212	54.666667	49.718182
585.721308	55.781818	57.821212	55.721212	49.666667	51.718182
586.473639	63.781818	58.821212	61.721212	64.666667	56.718182
587.225893	66.781818	70.821212	61.721212	62.666667	64.718182
587.978071	73.781818	77.821212	66.721212	72.666667	62.718182
588.730173	70.781818	72.821212	71.721212	76.666667	67.718182
589.482199	77.781818	85.821212	76.721212	80.666667	81.718182
590.234149	86.781818	91.821212	85.721212	86.666667	77.718182
590.986023	89.781818	97.821212	94.721212	83.666667	90.718182
591.737821	100.781818	98.821212	98.721212	93.666667	95.718182
592.489543	108.781818	115.821212	108.721212	96.666667	104.718182
593.241189	119.781818	120.821212	122.721212	111.666667	111.718182
593.992759	125.781818	123.821212	126.721212	131.666667	114.718182
594.744252	133.781818	138.821212	134.721212	127.666667	130.718182
595.495670	148.781818	159.821212	149.721212	149.666667	128.718182
596.247011	158.781818	161.821212	158.721212	159.666667	156.718182
596.998277	171.781818	179.821212	170.721212	175.666667	167.718182
597.749466	191.781818	199.821212	198.721212	185.666667	180.718182
598.500580	209.781818	205.821212	208.721212	211.666667	197.718182
599.251617	238.781818	238.821212	235.721212	230.666667	216.718182
600.002578	262.781818	274.821212	258.721212	258.666667	253.718182
600.753463	295.781818	299.821212	284.721212	285.666667	267.718182
601.504272	329.781818	339.821212	316.721212	322.666667	306.718182
602.255005	370.781818	368.821212	356.721212	354.666667	340.718182
603.005662	408.781818	409.821212	410.721212	401.666667	374.718182
603.756243	473.781818	477.821212	467.721212	443.666667	427.718182
604.506748	528.781818	521.821212	502.721212	493.666667	479.718182
605.257177	584.781818	579.821212	573.721212	555.666667	517.718182
606.007529	679.781818	652.821212	661.721212	644.666667	610.718182
606.757806	756.781818	767.821212	729.721212	709.666667	685.718182
607.508007	827.781818	831.821212	814.721212	802.666667	765.718182
608.258131	945.781818	955.821212	900.721212	888.666667	850.718182
609.008180	1052.781818	1033.821212	1009.721212	1004.666667	949.718182
609.758152	1143.781818	1143.821212	1124.721212	1087.666667	1046.718182
610.508048	1282.781818	1276.821212	1239.721212	1224.666667	1152.718182
611.257868	1416.781818	1407.821212	1367.721212	1339.666667	1259.718182
612.007613	1511.781818	1501.821212	1471.721212	1438.666667	1359.718182
612.757281	1654.781818	1683.821212	1603.721212	1572.666667	1507.718182
613.506873	1769.781818	1792.821212	1730.721212	1691.666667	1603.718182
614.256389	1903.781818	1917.821212	1862.721212	1815.666667	1740.718182
615.005829	2034.781818	2045.821212	1985.721212	1955.666667	1832.718182
615.755193	2120.781818	2182.821212	2094.721212	2033.666667	1949.718182
616.504480	2226.781818	2252.821212	2203.721212	2177.666667	2045.718182
617.253692	2367.781818	2384.821212	2356.721212	2299.666667	2143.718182
618.002828	2418.781818	2474.821212	2413.721212	2354.666667	2258.718182
618.751887	2544.781818	2592.821212	2473.721212	2431.666667	2329.718182
619.500871	2614.781818	2652.821212	2577.721212	2540.666667	2414.718182
620.249778	2692.781818	2752.821212	2623.721212	2573.666667	2477.718182
620.998610	2784.781818	2780.821212	2699.721212	2676.666667	2565.718182
621.747365	2812.781818	2862.821212	2761.721212	2708.666667	2593.718182
622.496044	2864.781818	2917.821212	2806.721212	2776.666667	2637.718182
623.244648	2878.781818	2965.821212	2832.721212	2776.666667	2627.718182
623.993175	2929.781818	2948.821212	2888.721212	2821.666667	2692.718182
624.741626	2910.781818	2987.821212	2869.721212	2850.666667	2689.718182
625.490001	2959.781818	2957.821212	2923.721212	2852.666667	2724.718182
626.238300	2969.781818	3005.821212	2873.721212	2838.666667	2686.718182
626.986523	2966.781818	2996.821212	2895.721212	2868.666667	2719.718182
627.734669	2927.781818	2985.821212	2887.721212	2858.666667	2701.718182
628.482740	2963.781818	2986.821212	2889.721212	2838.666667	2698.718182
629.230735	2873.781818	2958.821212	2840.721212	2793.666667	2672.718182
629.978654	2899.781818	2917.821212	2833.721212	2780.666667	2637.718182
630.726496	2869.781818	2882.821212	2817.721212	2749.666667	2646.718182
631.474263	2821.781818	2847.821212	2799.721212	2745.666667	2616.718182
632.221953	2824.781818	2827.821212	2763.721212	2707.666667	2550.718182
632.969567	2756.781818	2809.821212	2730.721212	2681.666667	2539.718182
633.717106	2760.781818	2762.821212	2684.721212	2645.666667	2493.718182
634.464568	2691.781818	2725.821212	2636.721212	2590.666667	2471.718182
635.211954	2652.781818	2698.821212	2613.721212	2558.666667	2434.718182
635.959264	2631.781818	2672.821212	2582.721212	2537.666667	2391.718182
636.706498	2577.781818	2604.821212	2544.721212	2481.666667	2393.718182
637.453656	2550.781818	2600.821212	2530.721212	2463.666667	2351.718182
638.200738	2515.781818	2544.821212	2459.721212	2422.666667	2280.718182
638.947744	2466.781818	2494.821212	2430.721212	2388.666667	2258.718182
639.694674	2423.781818	2461.821212	2379.721212	2315.666667	2241.718182
640.441528	2381.781818	2413.821212	2344.721212	2307.666667	2193.718182
641.188305	2366.781818	2369.821212	2310.721212	2279.666667	2176.718182
641.935007	2333.781818	2363.821212	2279.721212	2236.666667	2119.718182
642.681633	2292.781818	2300.821212	2234.721212	2210.666667	2104.718182
643.428182	2244.781818	2258.821212	2191.721212	2141.666667	2045.718182
644.174655	2214.781818	2242.821212	2158.721212	2103.666667	2035.718182
644.921053	2159.781818	2208.821212	2112.721212	2073.666667	1997.718182
645.667374	2134.781818	2146.821212	2104.721212	2057.666667	1982.718182
646.413619	2082.781818	2112.821212	2054.721212	2019.666667	1925.718182
647.159788	2048.781818	2085.821212	2021.721212	1969.666667	1887.718182
647.905882	2013.781818	2027.821212	1987.721212	1962.666667	1840.718182
648.651899	1991.781818	2003.821212	1941.721212	1913.666667	1807.718182
649.397840	1956.781818	1956.821212	1909.721212	1876.666667	1808.718182
650.143704	1937.781818	1916.821212	1861.721212	1853.666667	1744.718182
650.889493	1875.781818	1881.821212	1812.721212	1800.666667	1709.718182
651.635206	1821.781818	1872.821212	1802.721212	1752.666667	1689.718182
652.380843	1791.781818	1819.821212	1757.721212	1734.666667	1658.718182
653.126403	1765.781818	1812.821212	1745.721212	1710.666667	1626.718182
653.871888	1723.781818	1701.821212	1708.721212	1643.666667	1569.718182
654.617296	1703.781818	1720.821212	1658.721212	1627.666667	1582.718182
655.362629	1646.781818	1670.821212	1610.721212	1588.666667	1524.718182
656.107885	1614.781818	1634.821212	1567.721212	1572.666667	1479.718182
656.853066	1591.781818	1597.821212	1559.721212	1518.666667	1435.718182
657.598170	1560.781818	1589.821212	1535.721212	1486.666667	1403.718182
658.343198	1519.781818	1531.821212	1495.721212	1462.666667	1368.718182
659.088150	1479.781818	1484.821212	1435.721212	1417.666667	1356.718182
659.833026	1450.781818	1467.821212	1427.721212	1392.666667	1329.718182
660.577826	1411.781818	1407.821212	1383.721212	1362.666667	1288.718182
661.322550	1364.781818	1393.821212	1347.721212	1320.666667	1252.718182
662.067198	1322.781818	1337.821212	1296.721212	1284.666667	1220.718182
662.811770	1320.781818	1321.821212	1297.721212	1287.666667	1202.718182
663.556266	1257.781818	1306.821212	1240.721212	1211.666667	1164.718182
664.300685	1226.781818	1230.821212	1224.721212	1178.666667	1147.718182
665.045029	1196.781818	1217.821212	1182.721212	1171.666667	1120.718182
665.789297	1175.781818	1184.821212	1159.721212	1134.666667	1067.718182
666.533488	1134.781818	1133.821212	1102.721212	1085.666667	1047.718182
667.277603	1111.781818	1143.821212	1089.721212	1063.666667	1003.718182
668.021643	1082.781818	1106.821212	1064.721212	1027.666667	987.718182
668.765606	1046.781818	1051.821212	1019.721212	1021.666667	946.718182
669.509493	1001.781818	1046.821212	996.721212	975.666667	932.718182
670.253304	984.781818	1009.821212	960.721212	947.666667	898.718182
670.997040	963.781818	964.821212	950.721212	917.666667	879.718182
671.740699	926.781818	943.821212	907.721212	910.666667	852.718182
672.484282	907.781818	906.821212	872.721212	866.666667	828.718182
673.227789	875.781818	882.821212	857.721212	840.666667	779.718182
673.971219	865.781818	858.821212	835.721212	826.666667	773.718182
674.714574	828.781818	850.821212	803.721212	795.666667	771.718182
675.457853	815.781818	815.821212	779.721212	768.666667	738.718182
676.201056	773.781818	789.821212	752.721212	752.666667	706.718182
676.944182	772.781818	756.821212	749.721212	741.666667	687.718182
677.687233	747.781818	741.821212	712.721212	710.666667	675.718182
678.430207	719.781818	715.821212	696.721212	689.666667	652.718182
679.173105	710.781818	709.821212	677.721212	659.666667	642.718182
679.915928	671.781818	678.821212	656.721212	655.666667	615.718182
680.658674	649.781818	665.821212	639.721212	620.666667	597.718182
681.401344	629.781818	638.821212	617.721212	613.666667	587.718182
682.143938	616.781818	624.821212	595.721212	605.666667	565.718182
682.886457	597.781818	594.821212	602.721212	578.666667	550.718182
683.628899	586.781818	602.821212	577.721212	555.666667	522.718182
684.371264	559.781818	588.821212	563.721212	544.666667	514.718182
685.113554	544.781818	559.821212	537.721212	518.666667	509.718182
685.855768	536.781818	542.821212	511.721212	520.666667	489.718182
686.597906	517.781818	523.821212	507.721212	504.666667	470.718182
687.339968	497.781818	505.821212	498.721212	500.666667	459.718182
688.081953	496.781818	493.821212	489.721212	467.666667	449.718182
688.823863	472.781818	475.821212	466.721212	461.666667	426.718182
689.565696	458.781818	470.821212	457.721212	439.666667	415.718182
690.307454	459.781818	460.821212	437.721212	444.666667	417.718182
691.049135	435.781818	445.821212	426.721212	434.666667	404.718182
691.790740	434.781818	448.821212	431.721212	416.666667	392.718182
692.532270	420.781818	434.821212	425.721212	403.666667	378.718182
693.273723	408.781818	413.821212	390.721212	400.666667	371.718182
694.015100	391.781818	412.821212	383.721212	381.666667	356.718182
694.756401	381.781818	388.821212	390.721212	371.666667	347.718182
695.497626	370.781818	386.821212	359.721212	357.666667	339.718182
696.238775	376.781818	363.821212	354.721212	349.666667	336.718182
696.979848	360.781818	359.821212	350.721212	335.666667	319.718182
697.720845	351.781818	351.821212	343.721212	339.666667	327.718182
698.461765	334.781818	330.821212	329.721212	322.666667	310.718182
699.202610	335.781818	334.821212	324.721212	314.666667	311.718182
699.943379	325.781818	324.821212	319.721212	307.666667	288.718182
700.684071	326.781818	318.821212	311.721212	296.666667	285.718182
701.424688	294.781818	305.821212	286.721212	287.666667	276.718182
702.165228	288.781818	302.821212	287.721212	284.666667	270.718182
702.905692	285.781818	290.821212	282.721212	284.666667	257.718182
703.646081	281.781818	277.821212	274.721212	272.666667	249.718182
704.386393	276.781818	275.821212	267.721212	270.666667	254.718182
705.126629	263.781818	249.821212	259.721212	245.666667	249.718182
705.866789	258.781818	252.821212	255.721212	251.666667	238.718182
706.606873	253.781818	264.821212	241.721212	245.666667	222.718182
707.346881	254.781818	252.821212	245.721212	239.666667	227.718182
708.086813	232.781818	241.821212	232.721212	228.666667	212.718182
708.826669	234.781818	231.821212	229.721212	219.666667	217.718182
709.566448	233.781818	236.821212	233.721212	228.666667	212.718182
710.306152	229.781818	228.821212	225.721212	212.666667	212.718182
711.045780	213.781818	221.821212	209.721212	208.666667	211.718182
711.785331	202.781818	222.821212	204.721212	202.666667	195.718182
712.524807	203.781818	208.821212	204.721212	200.666667	185.718182
713.264206	198.781818	201.821212	195.721212	188.666667	191.718182
714.003530	191.781818	196.821212	196.721212	194.666667	174.718182
714.742777	192.781818	189.821212	184.721212	190.666667	177.718182
715.481948	189.781818	175.821212	184.721212	175.666667	169.718182
716.221043	182.781818	190.821212	177.721212	171.666667	157.718182
716.960063	169.781818	176.821212	169.721212	176.666667	159.718182
717.699006	173.781818	179.821212	164.721212	164.666667	157.718182
718.437873	164.781818	165.821212	158.721212	153.666667	153.718182
719.176664	156.781818	168.821212	153.721212	148.666667	147.718182
719.915378	156.781818	157.821212	151.721212	151.666667	145.718182
720.654017	148.781818	158.821212	145.721212	153.666667	132.718182
721.392580	153.781818	153.821212	147.721212	147.666667	134.718182
722.131067	141.781818	152.821212	141.721212	141.666667	129.718182
722.869477	129.781818	135.821212	134.721212	135.666667	124.718182
723.607812	132.781818	146.821212	145.721212	132.666667	132.718182
724.346070	127.781818	133.821212	138.721212	125.666667	119.718182
725.084253	129.781818	126.821212	123.721212	125.666667	113.718182
725.822359	123.781818	132.821212	124.721212	117.666667	110.718182
726.560389	126.781818	126.821212	115.721212	115.666667	117.718182
727.298344	118.781818	121.821212	115.721212	111.666667	102.718182
728.036222	117.781818	122.821212	109.721212	114.666667	100.718182
728.774024	114.781818	112.821212	115.721212	108.666667	102.718182
729.511750	110.781818	110.821212	108.721212	108.666667	103.718182
730.249400	111.781818	103.821212	109.721212	100.666667	96.718182
730.986974	110.781818	99.821212	99.721212	98.666667	90.718182
731.724472	106.781818	99.821212	101.721212	94.666667	87.718182
732.461893	99.781818	101.821212	100.721212	87.666667	88.718182
733.199239	106.781818	96.821212	96.721212	89.666667	89.718182
733.936509	91.781818	93.821212	92.721212	89.666667	89.718182
734.673702	89.781818	87.821212	94.721212	89.666667	82.718182
735.410820	90.781818	82.821212	86.721212	76.666667	83.718182
736.147861	87.781818	79.821212	83.721212	80.666667	82.718182
736.884827	75.781818	85.821212	82.721212	85.666667	68.718182
737.621716	82.781818	82.821212	77.721212	75.666667	76.718182
738.358529	75.781818	72.821212	78.721212	72.666667	74.718182
739.095266	72.781818	80.821212	81.721212	73.666667	75.718182
739.831928	71.781818	67.821212	71.721212	72.666667	69.718182
740.568513	71.781818	71.821212	74.721212	69.666667	66.718182
741.305022	66.781818	62.821212	67.721212	68.666667	57.718182
742.041455	70.781818	70.821212	66.721212	65.666667	64.718182
742.777811	65.781818	63.821212	65.721212	63.666667	66.718182
743.514092	64.781818	63.821212	60.721212	63.666667	57.718182
744.250297	68.781818	60.821212	62.721212	60.666667	53.718182
744.986426	64.781818	57.821212	59.721212	58.666667	57.718182
745.722478	54.781818	57.821212	52.721212	60.666667	52.718182
746.458455	66.781818	62.821212	56.721212	54.666667	55.718182
747.194355	56.781818	52.821212	46.721212	53.666667	53.718182
747.930180	51.781818	59.821212	57.721212	54.666667	55.718182
748.665928	51.781818	47.821212	54.721212	44.666667	46.718182
749.401600	56.781818	50.821212	48.721212	47.666667	40.718182
750.137197	48.781818	47.821212	49.721212	51.666667	41.718182
750.872717	47.781818	50.821212	51.721212	43.666667	42.718182
751.608161	42.781818	44.821212	46.721212	51.666667	38.718182
752.343529	46.781818	44.821212	50.721212	37.666667	47.718182
753.078821	42.781818	48.821212	45.721212	41.666667	42.718182
753.814037	43.781818	48.821212	46.721212	49.666667	40.718182
754.549177	45.781818	43.821212	36.721212	44.666667	38.718182
755.284241	35.781818	41.821212	38.721212	41.666667	39.718182
756.019228	34.781818	37.821212	36.721212	37.666667	38.718182
756.754140	40.781818	41.821212	35.721212	34.666667	34.718182
757.488976	37.781818	33.821212	36.721212	38.666667	33.718182
758.223735	33.781818	41.821212	38.721212	36.666667	32.718182
758.958418	40.781818	38.821212	35.721212	32.666667	27.718182
759.693026	37.781818	36.821212	32.721212	31.666667	32.718182
760.427557	28.781818	36.821212	30.721212	33.666667	30.718182
761.162012	24.781818	39.821212	32.721212	32.666667	30.718182
761.896392	29.781818	30.821212	31.721212	35.666667	30.718182
762.630695	35.781818	28.821212	43.721212	36.666667	34.718182
763.364922	60.781818	64.821212	66.721212	65.666667	62.718182
764.099073	34.781818	30.821212	32.721212	25.666667	32.718182
764.833148	35.781818	26.821212	35.721212	31.666667	28.718182
765.567147	33.781818	27.821212	26.721212	25.666667	25.718182
766.301070	32.781818	36.821212	28.721212	27.666667	23.718182
767.034916	29.781818	27.821212	30.721212	28.666667	25.718182
767.768687	24.781818	28.821212	26.721212	26.666667	22.718182
768.502382	25.781818	25.821212	22.721212	20.666667	24.718182
769.236000	24.781818	27.821212	23.721212	25.666667	25.718182
769.969543	25.781818	25.821212	27.721212	29.666667	26.718182
770.703009	27.781818	23.821212	22.721212	29.666667	29.718182
771.436400	19.781818	21.821212	23.721212	22.666667	21.718182
772.169714	19.781818	21.821212	22.721212	20.666667	23.718182
772.902952	16.781818	26.821212	19.721212	24.666667	20.718182
773.636114	17.781818	25.821212	22.721212	23.666667	21.718182
774.369200	19.781818	25.821212	25.721212	20.666667	23.718182
775.102210	18.781818	17.821212	20.721212	17.666667	17.718182
775.835144	22.781818	18.821212	18.721212	23.666667	15.718182
776.568002	20.781818	26.821212	19.721212	15.666667	20.718182
777.300784	21.781818	22.821212	13.721212	16.666667	20.718182
778.033490	21.781818	17.821212	18.721212	15.666667	25.718182
778.766120	19.781818	16.821212	22.721212	14.666667	19.718182
779.498673	14.781818	19.821212	22.721212	18.666667	12.718182
780.231151	19.781818	21.821212	18.721212	21.666667	17.718182
780.963553	18.781818	19.821212	19.721212	20.666667	14.718182
781.695878	18.781818	13.821212	19.721212	19.666667	21.718182
782.428127	19.781818	15.821212	16.721212	20.666667	15.718182
783.160301	17.781818	15.821212	14.721212	18.666667	13.718182
783.892398	15.781818	16.821212	13.721212	15.666667	8.718182
784.624419	11.781818	18.821212	17.721212	12.666667	18.718182
785.356364	14.781818	16.821212	15.721212	13.666667	12.718182
786.088234	9.781818	11.821212	13.721212	17.666667	9.718182
786.820027	19.781818	22.821212	18.721212	19.666667	21.718182
787.551743	15.781818	14.821212	16.721212	12.666667	9.718182
788.283384	13.781818	13.821212	17.721212	15.666667	13.718182
789.014949	18.781818	18.821212	13.721212	17.666667	12.718182
789.746438	19.781818	20.821212	16.721212	16.666667	15.718182
790.477851	14.781818	14.821212	7.721212	12.666667	12.718182
791.209187	14.781818	12.821212	6.721212	12.666667	12.718182
791.940448	13.781818	13.821212	9.721212	11.666667	16.718182
792.671632	11.781818	18.821212	7.721212	16.666667	13.718182
793.402741	9.781818	11.821212	12.721212	12.666667	15.718182
794.133773	13.781818	16.821212	12.721212	11.666667	13.718182
794.864730	7.781818	14.821212	7.721212	10.666667	10.718182
795.595610	14.781818	10.821212	12.721212	10.666667	14.718182
796.326414	11.781818	12.821212	6.721212	14.666667	14.718182
797.057142	6.781818	10.821212	13.721212	12.666667	11.718182
797.787794	10.781818	9.821212	11.721212	13.666667	15.718182
798.518370	9.781818	11.821212	12.721212	7.666667	10.718182
799.248870	11.781818	14.821212	13.721212	11.666667	4.718182
799.979294	12.781818	12.821212	13.721212	10.666667	9.718182
800.709642	7.781818	9.821212	15.721212	9.666667	10.718182
801.439914	13.781818	14.821212	6.721212	9.666667	16.718182
802.170109	11.781818	8.821212	13.721212	7.666667	7.718182
802.900229	17.781818	17.821212	10.721212	11.666667	11.718182
803.630272	9.781818	7.821212	14.721212	7.666667	13.718182
804.360240	14.781818	6.821212	5.721212	13.666667	9.718182
805.090131	9.781818	9.821212	9.721212	5.666667	8.718182
805.819947	3.781818	9.821212	7.721212	4.666667	1.718182
806.549686	9.781818	9.821212	7.721212	2.666667	8.718182
807.279349	7.781818	9.821212	4.721212	9.666667	8.718182
808.008936	8.781818	2.821212	11.721212	8.666667	5.718182
808.738447	13.781818	11.821212	9.721212	4.666667	-0.281818
809.467882	9.781818	4.821212	5.721212	5.666667	8.718182
810.197241	12.781818	7.821212	1.721212	3.666667	14.718182
810.926524	5.781818	3.821212	6.721212	2.666667	7.718182
811.655731	11.781818	6.821212	11.721212	5.666667	10.718182
812.384862	9.781818	15.821212	11.721212	4.666667	9.718182
813.113917	6.781818	9.821212	7.721212	5.666667	7.718182
813.842895	5.781818	8.821212	5.721212	10.666667	7.718182
814.571798	5.781818	10.821212	6.721212	0.666667	5.718182
815.300624	5.781818	7.821212	7.721212	7.666667	4.718182
816.029375	4.781818	2.821212	5.721212	4.666667	10.718182
816.758049	8.781818	5.821212	7.721212	12.666667	3.718182
817.486648	3.781818	6.821212	7.721212	9.666667	7.718182
818.215170	5.781818	8.821212	5.721212	10.666667	3.718182
818.943616	6.781818	6.821212	6.721212	5.666667	4.718182
819.671986	8.781818	4.821212	6.721212	3.666667	6.718182
820.400280	7.781818	6.821212	6.721212	4.666667	6.718182
821.128498	3.781818	4.821212	0.721212	4.666667	2.718182
821.856640	12.781818	12.821212	10.721212	11.666667	9.718182
822.584706	3.781818	1.821212	0.721212	6.666667	5.718182
823.312696	4.781818	7.821212	10.721212	4.666667	3.718182
824.040610	9.781818	8.821212	8.721212	8.666667	9.718182
824.768447	12.781818	7.821212	8.721212	12.666667	8.718182
825.496209	6.781818	2.821212	2.721212	7.666667	4.718182
826.223894	7.781818	2.821212	7.721212	9.666667	7.718182
826.951504	10.781818	0.821212	4.721212	4.666667	6.718182
827.679037	9.781818	0.821212	5.721212	7.666667	7.718182
828.406495	6.781818	0.821212	4.721212	5.666667	11.718182
829.133876	6.781818	4.821212	-0.278788	6.666667	7.718182
829.861181	6.781818	6.821212	7.721212	4.666667	1.718182
830.588410	5.781818	7.821212	7.721212	4.666667	4.718182
831.315564	1.781818	0.821212	2.721212	3.666667	0.718182
832.042641	8.781818	4.821212	0.721212	0.666667	4.718182
832.769642	3.781818	9.821212	5.721212	-6.333333	6.718182
833.496567	1.781818	6.821212	7.721212	2.666667	4.718182
834.223415	10.781818	2.821212	6.721212	9.666667	10.718182
834.950188	5.781818	8.821212	4.721212	3.666667	5.718182
835.676885	7.781818	10.821212	4.721212	9.666667	11.718182
836.403506	3.781818	4.821212	-2.278788	6.666667	4.718182
837.130050	6.781818	3.821212	4.721212	0.666667	0.718182
837.856519	0.781818	3.821212	3.721212	2.666667	3.718182
838.582911	2.781818	7.821212	1.721212	2.666667	4.718182
839.309228	0.781818	3.821212	2.721212	4.666667	3.718182
840.035468	8.781818	2.821212	8.721212	7.666667	1.718182
840.761632	1.781818	1.821212	1.721212	2.666667	5.718182
841.487720	6.781818	2.821212	11.721212	4.666667	4.718182
842.213733	3.781818	7.821212	4.721212	5.666667	-0.281818
842.939669	4.781818	-0.178788	-0.278788	6.666667	-0.281818
843.665529	3.781818	0.821212	0.721212	5.666667	2.718182
844.391313	2.781818	0.821212	1.721212	5.666667	7.718182
845.117020	1.781818	3.821212	0.721212	-0.333333	4.718182
845.842652	1.781818	4.821212	3.721212	1.666667	-0.281818
846.568208	2.781818	9.821212	3.721212	4.666667	6.718182
847.293688	4.781818	2.821212	-0.278788	2.666667	1.718182
848.019091	5.781818	3.821212	5.721212	6.666667	0.718182
848.744419	4.781818	3.821212	2.721212	0.666667	2.718182
849.469670	3.781818	1.821212	0.721212	1.666667	0.718182
850.194846	0.781818	0.821212	1.721212	0.666667	7.718182
850.919945	-0.218182	0.821212	1.721212	5.666667	4.718182
851.644969	5.781818	-1.178788	2.721212	3.666667	4.718182
852.369916	0.781818	-0.178788	2.721212	5.666667	0.718182
853.094787	1.781818	4.821212	0.721212	4.666667	2.718182
853.819582	4.781818	2.821212	4.721212	2.666667	3.718182
854.544301	3.781818	8.821212	7.721212	5.666667	5.718182
855.268944	4.781818	5.821212	-0.278788	6.666667	5.718182
855.993511	6.781818	3.821212	0.721212	1.666667	2.718182
856.718002	1.781818	0.821212	-1.278788	2.666667	3.718182
857.442417	7.781818	2.821212	-1.278788	1.666667	4.718182
858.166755	-0.218182	-0.178788	1.721212	0.666667	-2.281818
858.891018	7.781818	3.821212	0.721212	6.666667	2.718182
859.615205	6.781818	4.821212	6.721212	4.666667	3.718182
860.339315	5.781818	5.821212	4.721212	6.666667	4.718182
861.063350	6.781818	-0.178788	1.721212	4.666667	1.718182
861.787308	2.781818	1.821212	1.721212	4.666667	1.718182
862.511190	3.781818	5.821212	5.721212	5.666667	4.718182
863.234997	4.781818	3.821212	9.721212	3.666667	6.718182
863.958727	1.781818	2.821212	5.721212	2.666667	1.718182
864.682381	3.781818	-1.178788	1.721212	3.666667	-1.281818
865.405959	0.781818	2.821212	-1.278788	3.666667	-0.281818
866.129461	3.781818	6.821212	5.721212	3.666667	-0.281818
866.852887	1.781818	6.821212	-0.278788	4.666667	-3.281818
867.576237	2.781818	9.821212	0.721212	4.666667	-1.281818
868.299511	3.781818	3.821212	-2.278788	6.666667	5.718182
869.022709	7.781818	0.821212	0.721212	2.666667	-0.281818
869.745830	4.781818	2.821212	7.721212	3.666667	1.718182
870.468876	1.781818	3.821212	6.721212	3.666667	5.718182
871.191846	4.781818	3.821212	0.721212	4.666667	0.718182
871.914739	5.781818	1.821212	-0.278788	4.666667	3.718182
872.637557	4.781818	2.821212	2.721212	4.666667	11.718182
873.360298	3.781818	4.821212	1.721212	8.666667	5.718182
874.082963	3.781818	2.821212	0.721212	5.666667	2.718182
874.805553	6.781818	4.821212	7.721212	4.666667	3.718182
875.528066	3.781818	8.821212	0.721212	6.666667	5.718182
876.250503	1.781818	4.821212	1.721212	4.666667	1.718182
876.972864	3.781818	3.821212	4.721212	3.666667	3.718182
877.695149	2.781818	0.821212	4.721212	3.666667	3.718182
878.417358	6.781818	6.821212	1.721212	3.666667	5.718182
879.139491	0.781818	6.821212	-1.278788	5.666667	4.718182
879.861548	-0.218182	7.821212	9.721212	8.666667	5.718182
880.583528	5.781818	5.821212	3.721212	5.666667	2.718182
881.305433	2.781818	8.821212	3.721212	3.666667	4.718182
882.027262	0.781818	8.821212	3.721212	5.666667	3.718182
882.749014	-0.218182	4.821212	4.721212	5.666667	4.718182
883.470691	1.781818	4.821212	7.721212	4.666667	7.718182
884.192291	6.781818	9.821212	7.721212	7.666667	6.718182
884.913815	6.781818	8.821212	3.721212	3.666667	3.718182
885.635264	6.781818	13.821212	5.721212	9.666667	4.718182
886.356636	8.781818	6.821212	8.721212	3.666667	6.718182
887.077932	8.781818	2.821212	14.721212	10.666667	3.718182
887.799152	9.781818	4.821212	9.721212	3.666667	6.718182
888.520296	8.781818	8.821212	6.721212	10.666667	9.718182
889.241364	11.781818	13.821212	10.721212	13.666667	11.718182
889.962356	9.781818	10.821212	1.721212	8.666667	8.718182
890.683272	20.781818	14.821212	14.721212	9.666667	12.718182
891.404112	13.781818	17.821212	10.721212	10.666667	11.718182
892.124875	14.781818	10.821212	11.721212	9.666667	2.718182
892.845563	5.781818	12.821212	12.721212	10.666667	9.718182
893.566175	9.781818	13.821212	13.721212	7.666667	12.718182
894.286710	11.781818	11.821212	6.721212	7.666667	10.718182
895.007170	12.781818	14.821212	8.721212	12.666667	8.718182
895.727553	9.781818	14.821212	7.721212	10.666667	11.718182
896.447860	11.781818	14.821212	8.721212	12.666667	15.718182
897.168092	13.781818	7.821212	9.721212	13.666667	8.718182
897.888247	9.781818	12.821212	6.721212	13.666667	14.718182
898.608326	14.781818	12.821212	13.721212	13.666667	10.718182
899.328329	17.781818	9.821212	11.721212	10.666667	13.718182
900.048256	11.781818	7.821212	14.721212	12.666667	8.718182
900.768107	11.781818	17.821212	13.721212	14.666667	10.718182
901.487882	12.781818	17.821212	10.721212	16.666667	13.718182
902.207581	15.781818	12.821212	11.721212	7.666667	10.718182
902.927203	14.781818	10.821212	16.721212	9.666667	13.718182
903.646750	16.781818	10.821212	12.721212	11.666667	11.718182
904.366221	20.781818	21.821212	17.721212	17.666667	13.718182
905.085615	19.781818	15.821212	15.721212	15.666667	11.718182
905.804934	13.781818	7.821212	17.721212	18.666667	16.718182
906.524176	14.781818	14.821212	14.721212	17.666667	10.718182
907.243343	15.781818	19.821212	17.721212	13.666667	11.718182
907.962433	18.781818	16.821212	19.721212	18.666667	15.718182
908.681447	15.781818	18.821212	17.721212	16.666667	10.718182
909.400385	48.781818	50.821212	51.721212	47.666667	48.718182
910.119247	20.781818	21.821212	21.721212	13.666667	20.718182
910.838033	17.781818	21.821212	17.721212	16.666667	16.718182
911.556743	19.781818	18.821212	21.721212	20.666667	17.718182
912.275377	20.781818	18.821212	22.721212	21.666667	13.718182
912.993935	18.781818	18.821212	19.721212	18.666667	23.718182
913.712417	23.781818	16.821212	17.721212	25.666667	17.718182
914.430823	21.781818	13.821212	19.721212	17.666667	22.718182
915.149152	22.781818	25.821212	19.721212	18.666667	15.718182
915.867406	21.781818	17.821212	19.721212	16.666667	18.718182
916.585584	20.781818	20.821212	11.721212	16.666667	15.718182
917.303685	19.781818	22.821212	15.721212	14.666667	21.718182
918.021710	23.781818	24.821212	21.721212	16.666667	16.718182
918.739660	23.781818	22.821212	18.721212	21.666667	17.718182
919.457533	17.781818	25.821212	19.721212	16.666667	20.718182
920.175330	17.781818	23.821212	18.721212	19.666667	11.718182
920.893051	14.781818	27.821212	22.721212	19.666667	22.718182
921.610696	19.781818	24.821212	21.721212	19.666667	20.718182
922.328265	16.781818	18.821212	22.721212	19.666667	21.718182
923.045758	15.781818	21.821212	20.721212	18.666667	16.718182
923.763175	23.781818	25.821212	20.721212	16.666667	17.718182
924.480516	19.781818	15.821212	17.721212	20.666667	20.718182
925.197781	20.781818	16.821212	17.721212	20.666667	17.718182
925.914970	14.781818	23.821212	17.721212	17.666667	17.718182
926.632082	20.781818	17.821212	24.721212	22.666667	14.718182
927.349119	16.781818	19.821212	18.721212	17.666667	19.718182
928.066079	21.781818	22.821212	18.721212	23.666667	16.718182
928.782964	15.781818	19.821212	17.721212	22.666667	17.718182
929.499772	21.781818	16.821212	17.721212	12.666667	11.718182
930.216504	18.781818	11.821212	17.721212	11.666667	12.718182
930.933161	10.781818	11.821212	15.721212	18.666667	13.718182
931.649741	10.781818	18.821212	13.721212	13.666667	15.718182
932.366245	31.781818	27.821212	22.721212	26.666667	23.718182
933.082673	9.781818	17.821212	17.721212	13.666667	12.718182
933.799025	11.781818	16.821212	11.721212	11.666667	11.718182
934.515301	9.781818	13.821212	15.721212	17.666667	16.718182
935.231501	8.781818	8.821212	17.721212	10.666667	16.718182
935.947625	11.781818	11.821212	11.721212	12.666667	10.718182
936.663672	14.781818	12.821212	13.721212	12.666667	13.718182
937.379644	8.781818	13.821212	17.721212	14.666667	15.718182
938.095540	11.781818	17.821212	9.721212	14.666667	8.718182
938.811359	11.781818	14.821212	6.721212	9.666667	12.718182
939.527103	15.781818	13.821212	7.721212	8.666667	16.718182
940.242770	4.781818	10.821212	11.721212	9.666667	8.718182
940.958361	10.781818	7.821212	14.721212	9.666667	9.718182
941.673877	9.781818	11.821212	7.721212	11.666667	12.718182
942.389316	7.781818	5.821212	1.721212	4.666667	11.718182
943.104679	11.781818	11.821212	5.721212	13.666667	14.718182
943.819966	5.781818	13.821212	8.721212	9.666667	16.718182
944.535177	6.781818	11.821212	10.721212	12.666667	8.718182
945.250312	16.781818	11.821212	4.721212	9.666667	11.718182
945.965371	11.781818	7.821212	5.721212	11.666667	8.718182
946.680354	5.781818	7.821212	8.721212	11.666667	7.718182
947.395261	6.781818	7.821212	12.721212	13.666667	5.718182
948.110091	7.781818	4.821212	11.721212	8.666667	9.718182
948.824846	5.781818	8.821212	6.721212	11.666667	2.718182
949.539525	7.781818	7.821212	3.721212	12.666667	8.718182
950.254127	2.781818	5.821212	10.721212	1.666667	4.718182
950.968654	7.781818	5.821212	10.721212	4.666667	9.718182
951.683104	11.781818	1.821212	8.721212	6.666667	3.718182
952.397478	7.781818	6.821212	9.721212	3.666667	7.718182
953.111777	5.781818	7.821212	2.721212	7.666667	8.718182
953.825999	0.781818	1.821212	2.721212	4.666667	3.718182
954.540145	7.781818	5.821212	9.721212	10.666667	6.718182
955.254215	5.781818	8.821212	8.721212	5.666667	3.718182
955.968209	-1.218182	11.821212	7.721212	6.666667	5.718182
956.682127	2.781818	1.821212	7.721212	6.666667	3.718182
957.395969	5.781818	6.821212	7.721212	-0.333333	5.718182
958.109735	7.781818	8.821212	6.721212	10.666667	8.718182
958.823424	10.781818	7.821212	8.721212	11.666667	10.718182
959.537038	10.781818	5.821212	3.721212	13.666667	11.718182
960.250576	3.781818	3.821212	4.721212	-1.333333	3.718182
960.964037	-1.218182	5.821212	5.721212	1.666667	2.718182
961.677423	4.781818	4.821212	7.721212	3.666667	4.718182
962.390732	4.781818	1.821212	0.721212	6.666667	7.718182
963.103965	5.781818	3.821212	3.721212	5.666667	0.718182
963.817123	5.781818	6.821212	2.721212	5.666667	2.718182
964.530204	1.781818	5.821212	1.721212	3.666667	3.718182
965.243209	7.781818	2.821212	1.721212	5.666667	8.718182
965.956138	6.781818	2.821212	5.721212	3.666667	6.718182
966.668991	4.781818	0.821212	3.721212	3.666667	4.718182
967.381768	3.781818	2.821212	4.721212	5.666667	5.718182
968.094469	6.781818	5.821212	6.721212	5.666667	0.718182
968.807094	4.781818	8.821212	1.721212	9.666667	6.718182
969.519643	2.781818	4.821212	-3.278788	-0.333333	3.718182
970.232115	2.781818	2.821212	4.721212	2.666667	4.718182
970.944512	1.781818	3.821212	7.721212	2.666667	1.718182
971.656833	4.781818	7.821212	3.721212	5.666667	2.718182
972.369077	1.781818	2.821212	2.721212	6.666667	4.718182
973.081246	5.781818	-1.178788	9.721212	4.666667	-1.281818
973.793338	-3.218182	-0.178788	8.721212	6.666667	5.718182
974.505354	-1.218182	8.821212	6.721212	6.666667	1.718182
975.217295	2.781818	-0.178788	1.721212	7.666667	-0.281818
975.929159	4.781818	1.821212	0.721212	2.666667	-1.281818
976.640947	5.781818	2.821212	1.721212	1.666667	1.718182
977.352659	0.781818	4.821212	3.721212	5.666667	-1.281818
978.064295	9.781818	0.821212	4.721212	2.666667	3.718182
978.775855	4.781818	7.821212	4.721212	3.666667	4.718182
979.487339	-1.218182	2.821212	5.721212	5.666667	-0.281818
980.198747	0.781818	7.821212	1.721212	2.666667	1.718182
980.910079	1.781818	2.821212	-0.278788	-0.333333	2.718182
981.621334	1.781818	1.821212	3.721212	5.666667	7.718182
982.332514	-2.218182	5.821212	5.721212	4.666667	2.718182
983.043617	0.781818	4.821212	5.721212	-0.333333	2.718182
983.754645	5.781818	4.821212	3.721212	9.666667	1.718182
984.465596	3.781818	0.821212	4.721212	10.666667	3.718182
985.176472	0.781818	3.821212	1.721212	4.666667	3.718182
985.887271	5.781818	5.821212	10.721212	9.666667	12.718182
986.597994	1.781818	5.821212	3.721212	5.666667	1.718182
987.308641	-1.218182	-0.178788	4.721212	6.666667	3.718182
988.019213	7.781818	0.821212	4.721212	5.666667	-0.281818
988.729708	-0.218182	4.821212	7.721212	-3.333333	2.718182
989.440127	2.781818	-1.178788	4.721212	5.666667	2.718182
990.150470	4.781818	3.821212	3.721212	4.666667	1.718182
990.860736	0.781818	3.821212	0.721212	4.666667	1.718182
991.570927	5.781818	1.821212	5.721212	-0.333333	3.718182
992.281042	2.781818	4.821212	-0.278788	1.666667	8.718182
992.991081	0.781818	2.821212	-1.278788	6.666667	-0.281818
993.701043	1.781818	-3.178788	1.721212	8.666667	0.718182
994.410930	-1.218182	-0.178788	-2.278788	3.666667	0.718182
995.120740	-0.218182	1.821212	2.721212	0.666667	1.718182
995.830475	3.781818	-3.178788	1.721212	3.666667	3.718182
996.540133	1.781818	3.821212	0.721212	3.666667	6.718182
997.249715	1.781818	4.821212	-2.278788	0.666667	1.718182
997.959221	-5.218182	1.821212	-0.278788	2.666667	1.718182
998.668652	3.781818	4.821212	5.721212	-1.333333	-0.281818
999.378006	5.781818	8.821212	0.721212	0.666667	1.718182
1000.087284	-2.218182	-1.178788	5.721212	0.666667	0.718182
1000.796486	11.781818	5.821212	13.721212	5.666667	12.718182
1001.505611	2.781818	3.821212	3.721212	1.666667	3.718182
1002.214661	0.781818	1.821212	5.721212	-0.333333	1.718182
1002.923635	5.781818	5.821212	3.721212	6.666667	4.718182
1003.632533	3.781818	0.821212	3.721212	3.666667	1.718182
1004.341354	5.781818	0.821212	0.721212	-1.333333	4.718182
1005.050100	0.781818	1.821212	1.721212	-3.333333	0.718182
1005.758769	3.781818	2.821212	0.721212	-0.333333	7.718182
1006.467363	3.781818	-2.178788	-3.278788	1.666667	-3.281818
1007.175880	1.781818	0.821212	1.721212	-3.333333	-1.281818
1007.884322	-0.218182	-0.178788	2.721212	2.666667	4.718182
1008.592687	2.781818	-2.178788	4.721212	-0.333333	-1.281818
1009.300976	-0.218182	1.821212	-0.278788	5.666667	-1.281818
1010.009189	-5.218182	2.821212	5.721212	4.666667	4.718182
1010.717326	0.781818	-2.178788	-2.278788	2.666667	1.718182
1011.425387	-3.218182	-0.178788	-0.278788	0.666667	7.718182
1012.133372	-1.218182	9.821212	0.721212	2.666667	-1.281818
1012.841281	0.781818	5.821212	3.721212	3.666667	2.718182
1013.549114	-0.218182	-3.178788	-3.278788	4.666667	2.718182
1014.256871	5.781818	6.821212	8.721212	2.666667	0.718182
1014.964551	0.781818	6.821212	5.721212	4.666667	7.718182
1015.672156	0.781818	1.821212	0.721212	0.666667	4.718182
1016.379684	3.781818	4.821212	5.721212	1.666667	1.718182
1017.087137	-1.218182	0.821212	1.721212	5.666667	3.718182
1017.794513	-0.218182	-0.178788	0.721212	4.666667	1.718182
1018.501814	-3.218182	1.821212	5.721212	3.666667	-0.281818
1019.209038	3.781818	2.821212	4.721212	0.666667	4.718182
1019.916186	3.781818	1.821212	3.721212	4.666667	3.718182
1020.623258	-0.218182	6.821212	0.721212	3.666667	-0.281818
1021.330254	8.781818	-2.178788	0.721212	0.666667	3.718182
1022.037174	1.781818	-1.178788	-2.278788	-2.333333	1.718182
1022.744018	-2.218182	-0.178788	-2.278788	1.666667	-1.281818
1023.450786	0.781818	4.821212	2.721212	6.666667	-1.281818
1024.157478	5.781818	-0.178788	-2.278788	2.666667	0.718182
1024.864094	6.781818	2.821212	-0.278788	1.666667	4.718182
1025.570634	8.781818	10.821212	2.721212	3.666667	5.718182
1026.277097	-1.218182	-1.178788	4.721212	-2.333333	-0.281818
1026.983485	-1.218182	4.821212	1.721212	2.666667	5.718182
1027.689796	-1.218182	-1.178788	3.721212	4.666667	1.718182
1028.396032	0.781818	2.821212	5.721212	2.666667	-1.281818
1029.102191	6.781818	2.821212	3.721212	-0.333333	-1.281818
1029.808275	3.781818	7.821212	9.721212	7.666667	6.718182
1030.514282	4.781818	4.821212	1.721212	-0.333333	0.718182
1031.220213	3.781818	-1.178788	2.721212	0.666667	4.718182
1031.926068	-1.218182	1.821212	0.721212	3.666667	-1.281818
1032.631847	-2.218182	1.821212	2.721212	0.666667	-0.281818
1033.337550	-2.218182	-2.178788	1.721212	0.666667	2.718182
1034.043177	2.781818	0.821212	7.721212	1.666667	5.718182
1034.748728	5.781818	-1.178788	5.721212	3.666667	-2.281818
1035.454203	5.781818	-3.178788	0.721212	4.666667	-2.281818
1036.159602	0.781818	-2.178788	5.721212	1.666667	-2.281818
1036.864924	-2.218182	3.821212	5.721212	4.666667	10.718182
1037.570171	-3.218182	0.821212	-1.278788	4.666667	0.718182
1038.275341	-3.218182	-6.178788	2.721212	4.666667	1.718182
1038.980436	3.781818	0.821212	3.721212	4.666667	5.718182
1039.685454	1.781818	3.821212	0.721212	7.666667	4.718182
1040.390397	0.781818	4.821212	1.721212	4.666667	3.718182
1041.095263	-1.218182	2.821212	3.721212	-4.333333	-0.281818
1041.800053	6.781818	6.821212	3.721212	-1.333333	-2.281818
1042.504767	-1.218182	1.821212	0.721212	1.666667	-0.281818
1043.209405	-0.218182	4.821212	0.721212	1.666667	3.718182
1043.913968	1.781818	2.821212	-0.278788	-1.333333	-1.281818
1044.618454	3.781818	2.821212	4.721212	-4.333333	-4.281818
1045.322863	6.781818	0.821212	3.721212	0.666667	1.718182
1046.027197	4.781818	-0.178788	3.721212	-1.333333	2.718182
1046.731455	1.781818	-0.178788	-0.278788	0.666667	2.718182
1047.435637	1.781818	-0.178788	3.721212	3.666667	2.718182
1048.139742	-2.218182	-2.178788	1.721212	6.666667	2.718182
1048.843772	2.781818	-0.178788	-2.278788	4.666667	5.718182
1049.547726	0.781818	3.821212	2.721212	1.666667	0.718182
1050.251603	5.781818	-2.178788	1.721212	-3.333333	2.718182
1050.955404	-2.218182	-0.178788	4.721212	1.666667	4.718182
1051.659130	1.781818	2.821212	2.721212	3.666667	2.718182
1052.362779	-0.218182	3.821212	-0.278788	1.666667	-2.281818
1053.066352	0.781818	3.821212	3.721212	4.666667	6.718182
1053.769849	2.781818	4.821212	1.721212	-1.333333	-2.281818
1054.473270	-1.218182	2.821212	-1.278788	1.666667	-2.281818
1055.176615	-3.218182	1.821212	3.721212	-0.333333	0.718182
1055.879884	-1.218182	4.821212	3.721212	-0.333333	2.718182
1056.583077	5.781818	0.821212	2.721212	3.666667	1.718182
1057.286194	-4.218182	1.821212	2.721212	2.666667	5.718182
1057.989235	-2.218182	2.821212	7.721212	0.666667	5.718182
1058.692200	-0.218182	2.821212	3.721212	-1.333333	3.718182
1059.395088	-0.218182	2.821212	-0.278788	3.666667	4.718182
1060.097901	2.781818	-0.178788	-0.278788	1.666667	3.718182
1060.800637	7.781818	2.821212	-1.278788	-0.333333	1.718182
1061.503298	1.781818	5.821212	-1.278788	-0.333333	1.718182
1062.205882	-0.218182	4.821212	-0.278788	0.666667	3.718182
1062.908390	6.781818	9.821212	5.721212	-1.333333	-0.281818
1063.610823	5.781818	4.821212	-1.278788	4.666667	2.718182
1064.313179	-0.218182	5.821212	0.721212	-2.333333	1.718182
1065.015459	-1.218182	5.821212	5.721212	3.666667	3.718182
1065.717663	-1.218182	2.821212	3.721212	5.666667	1.718182
1066.419791	3.781818	3.821212	1.721212	4.666667	1.718182
1067.121843	3.781818	2.821212	2.721212	2.666667	-0.281818
1067.823819	-1.218182	3.821212	5.721212	0.666667	5.718182
1068.525718	-0.218182	1.821212	7.721212	1.666667	3.718182
1069.227542	-0.218182	-0.178788	-2.278788	-2.333333	3.718182
1069.929290	1.781818	2.821212	0.721212	0.666667	0.718182
1070.630961	2.781818	-3.178788	1.721212	2.666667	0.718182
1071.332557	-2.218182	-3.178788	1.721212	-0.333333	2.718182
1072.034077	3.781818	-5.178788	0.721212	3.666667	5.718182
1072.735520	0.781818	5.821212	-5.278788	1.666667	3.718182
1073.436887	3.781818	0.821212	-3.278788	2.666667	2.718182
1074.138179	-1.218182	5.821212	0.721212	1.666667	3.718182
1074.839394	0.781818	4.821212	5.721212	1.666667	2.718182
1075.540533	1.781818	-2.178788	4.721212	1.666667	5.718182
1076.241596	3.781818	0.821212	5.721212	1.666667	0.718182
1076.942583	0.781818	0.821212	1.721212	3.666667	-1.281818
1077.643494	3.781818	0.821212	-1.278788	0.666667	-1.281818
1078.344329	1.781818	0.821212	-6.278788	-1.333333	2.718182
1079.045088	2.781818	-1.178788	-2.278788	7.666667	2.718182
1079.745770	-0.218182	-1.178788	5.721212	4.666667	1.718182
1080.446377	1.781818	3.821212	0.721212	2.666667	-1.281818
1081.146908	3.781818	3.821212	-0.278788	2.666667	3.718182
1081.847362	-0.218182	-4.178788	-0.278788	0.666667	3.718182
1082.547741	0.781818	-7.178788	-1.278788	3.666667	-2.281818
1083.248043	8.781818	-4.178788	1.721212	0.666667	1.718182
1083.948270	0.781818	-1.178788	4.721212	0.666667	3.718182
1084.648420	1.781818	1.821212	0.721212	-1.333333	-2.281818
1085.348494	4.781818	-0.178788	3.721212	-0.333333	-0.281818
1086.048492	1.781818	0.821212	-2.278788	5.666667	-2.281818
1086.748415	-1.218182	5.821212	1.721212	8.666667	-0.281818
1087.448261	0.781818	2.821212	-0.278788	2.666667	4.718182
1088.148031	3.781818	0.821212	-0.278788	0.666667	-3.281818
1088.847725	1.781818	0.821212	-0.278788	-0.333333	-4.281818
1089.547342	0.781818	-1.178788	-2.278788	-0.333333	1.718182
1090.246884	-1.218182	0.821212	4.721212	-0.333333	2.718182
1090.946350	-7.218182	0.821212	-1.278788	-0.333333	-4.281818
1091.645740	0.781818	4.821212	-1.278788	-5.333333	-0.281818
1092.345053	5.781818	3.821212	2.721212	2.666667	3.718182
1093.044291	5.781818	3.821212	0.721212	8.666667	5.718182
1093.743452	3.781818	3.821212	-0.278788	-1.333333	0.718182
1094.442538	5.781818	8.821212	8.721212	0.666667	4.718182
1095.141547	-2.218182	2.821212	-0.278788	0.666667	-2.281818
1095.840480	0.781818	-0.178788	-2.278788	2.666667	0.718182
1096.539338	6.781818	2.821212	0.721212	-1.333333	-0.281818
1097.238119	-3.218182	-2.178788	-0.278788	0.666667	5.718182
1097.936824	0.781818	-2.178788	-0.278788	0.666667	-0.281818
1098.635453	-0.218182	-2.178788	-2.278788	0.666667	1.718182
1099.334006	4.781818	1.821212	9.721212	6.666667	2.718182
1100.032483	1.781818	3.821212	0.721212	2.666667	-1.281818
