300.577233	-1.181818	3.000000	-4.034091	-1.200000	-3.037879
301.357859	-1.181818	2.000000	3.965909	4.800000	-0.037879
302.138410	2.818182	3.000000	2.965909	-0.200000	3.962121
302.918884	4.818182	5.000000	-1.034091	3.800000	0.962121
303.699282	0.818182	3.000000	3.965909	-0.200000	0.962121
304.479604	4.818182	1.000000	-0.034091	0.800000	2.962121
305.259850	3.818182	4.000000	-0.034091	4.800000	2.962121
306.040019	4.818182	5.000000	2.965909	2.800000	1.962121
306.820113	4.818182	5.000000	0.965909	5.800000	-3.037879
307.600131	3.818182	7.000000	1.965909	0.800000	4.962121
308.380073	1.818182	0.000000	2.965909	-1.200000	2.962121
309.159938	-1.181818	1.000000	0.965909	1.800000	-0.037879
309.939728	2.818182	3.000000	6.965909	1.800000	3.962121
310.719441	0.818182	2.000000	4.965909	0.800000	2.962121
311.499079	2.818182	0.000000	-0.034091	2.800000	-1.037879
312.278640	1.818182	4.000000	-0.034091	-2.200000	-1.037879
313.058125	2.818182	0.000000	0.965909	3.800000	4.962121
313.837534	-1.181818	0.000000	-2.034091	2.800000	-0.037879
314.616868	0.818182	-3.000000	2.965909	2.800000	-0.037879
315.396125	0.818182	-1.000000	0.965909	2.800000	-1.037879
316.175306	5.818182	9.000000	1.965909	5.800000	3.962121
316.954411	5.818182	-5.000000	2.965909	1.800000	-3.037879
317.733440	-0.181818	1.000000	2.965909	1.800000	-3.037879
318.512392	1.818182	3.000000	-0.034091	1.800000	3.962121
319.291269	1.818182	3.000000	2.965909	0.800000	0.962121
320.070070	4.818182	-1.000000	2.965909	5.800000	-4.037879
320.848794	1.818182	1.000000	1.965909	1.800000	-4.037879
321.627443	-3.181818	1.000000	1.965909	2.800000	-5.037879
322.406016	1.818182	-3.000000	0.965909	-1.200000	-0.037879
323.184512	1.818182	4.000000	0.965909	-1.200000	1.962121
323.962932	-6.181818	2.000000	-2.034091	0.800000	-1.037879
324.741277	0.818182	7.000000	1.965909	0.800000	-0.037879
325.519545	4.818182	6.000000	10.965909	2.800000	5.962121
326.297737	4.818182	10.000000	3.965909	0.800000	3.962121
327.075853	1.818182	1.000000	4.965909	-0.200000	3.962121
327.853893	1.818182	2.000000	-2.034091	1.800000	0.962121
328.631857	0.818182	3.000000	2.965909	-0.200000	7.962121
329.409745	-0.181818	-2.000000	-0.034091	1.800000	5.962121
330.187557	-4.181818	1.000000	1.965909	3.800000	0.962121
330.965293	-3.181818	3.000000	2.965909	7.800000	-0.037879
331.742953	1.818182	6.000000	-0.034091	1.800000	-3.037879
332.520536	-1.181818	1.000000	1.965909	1.800000	0.962121
333.298044	0.818182	2.000000	-1.034091	0.800000	-1.037879
334.075475	3.818182	0.000000	-0.034091	3.800000	-3.037879
334.852831	-1.181818	-1.000000	3.965909	3.800000	-0.037879
335.630110	0.818182	1.000000	2.965909	-0.200000	0.962121
336.407314	3.818182	3.000000	2.965909	-1.200000	-1.037879
337.184441	-0.181818	7.000000	2.965909	2.800000	3.962121
337.961492	4.818182	1.000000	0.965909	6.800000	6.962121
338.738467	-1.181818	3.000000	-0.034091	-1.200000	2.962121
339.515366	5.818182	7.000000	4.965909	2.800000	-0.037879
340.292189	3.818182	2.000000	6.965909	5.800000	-4.037879
341.068936	-0.181818	4.000000	1.965909	8.800000	5.962121
341.845607	3.818182	-3.000000	3.965909	5.800000	2.962121
342.622202	3.818182	4.000000	6.965909	6.800000	1.962121
343.398721	-1.181818	7.000000	7.965909	0.800000	0.962121
344.175164	0.818182	6.000000	0.965909	-0.200000	0.962121
344.951530	5.818182	3.000000	0.965909	-1.200000	0.962121
345.727821	6.818182	2.000000	1.965909	5.800000	0.962121
346.504035	-0.181818	8.000000	2.965909	4.800000	2.962121
347.280174	2.818182	7.000000	0.965909	0.800000	2.962121
348.056236	1.818182	6.000000	1.965909	5.800000	0.962121
348.832223	-2.181818	4.000000	5.965909	2.800000	0.962121
349.608133	6.818182	7.000000	2.965909	2.800000	5.962121
350.383967	1.818182	10.000000	7.965909	7.800000	11.962121
351.159725	2.818182	9.000000	3.965909	5.800000	4.962121
351.935407	2.818182	3.000000	1.965909	0.800000	0.962121
352.711013	1.818182	1.000000	3.965909	0.800000	2.962121
353.486543	7.818182	-1.000000	5.965909	-1.200000	3.962121
354.261997	4.818182	1.000000	4.965909	5.800000	2.962121
355.037375	0.818182	4.000000	-1.034091	1.800000	-2.037879
355.812677	3.818182	0.000000	-1.034091	4.800000	0.962121
356.587902	1.818182	8.000000	5.965909	4.800000	-0.037879
357.363052	1.818182	6.000000	1.965909	0.800000	5.962121
358.138125	-0.181818	8.000000	1.965909	1.800000	-0.037879
358.913123	2.818182	-1.000000	2.965909	1.800000	1.962121
359.688044	5.818182	5.000000	3.965909	4.800000	1.962121
360.462890	2.818182	5.000000	-2.034091	1.800000	-0.037879
361.237659	9.818182	7.000000	1.965909	4.800000	0.962121
362.012352	5.818182	7.000000	10.965909	11.800000	4.962121
362.786969	4.818182	9.000000	8.965909	4.800000	-0.037879
363.561511	11.818182	14.000000	10.965909	18.800000	9.962121
364.335976	5.818182	5.000000	0.965909	6.800000	4.962121
365.110365	0.818182	3.000000	6.965909	1.800000	1.962121
365.884677	3.818182	6.000000	5.965909	1.800000	1.962121
366.658914	6.818182	4.000000	3.965909	2.800000	2.962121
367.433075	5.818182	0.000000	-1.034091	3.800000	4.962121
368.207160	2.818182	-2.000000	0.965909	2.800000	5.962121
368.981168	-2.181818	8.000000	8.965909	2.800000	8.962121
369.755101	5.818182	7.000000	4.965909	5.800000	7.962121
370.528958	4.818182	2.000000	1.965909	0.800000	6.962121
371.302738	5.818182	2.000000	3.965909	1.800000	3.962121
372.076442	7.818182	0.000000	1.965909	-0.200000	6.962121
372.850071	-0.181818	3.000000	4.965909	6.800000	-2.037879
373.623623	0.818182	1.000000	4.965909	7.800000	2.962121
374.397099	6.818182	6.000000	6.965909	2.800000	7.962121
375.170499	-0.181818	4.000000	4.965909	4.800000	4.962121
375.943823	1.818182	1.000000	5.965909	2.800000	2.962121
376.717072	0.818182	0.000000	3.965909	1.800000	5.962121
377.490243	2.818182	4.000000	7.965909	1.800000	1.962121
378.263339	5.818182	6.000000	4.965909	1.800000	3.962121
379.036359	4.818182	3.000000	2.965909	1.800000	-3.037879
379.809303	7.818182	3.000000	1.965909	3.800000	3.962121
380.582171	4.818182	4.000000	7.965909	3.800000	3.962121
381.354962	5.818182	2.000000	8.965909	3.800000	6.962121
382.127678	3.818182	6.000000	-1.034091	4.800000	4.962121
382.900317	-1.181818	6.000000	1.965909	5.800000	2.962121
383.672881	4.818182	9.000000	4.965909	0.800000	2.962121
384.445368	3.818182	5.000000	5.965909	-0.200000	6.962121
385.217779	4.818182	5.000000	7.965909	3.800000	4.962121
385.990115	0.818182	5.000000	8.965909	5.800000	9.962121
386.762374	9.818182	3.000000	8.965909	5.800000	11.962121
387.534557	7.818182	-2.000000	7.965909	5.800000	3.962121
388.306664	6.818182	11.000000	7.965909	9.800000	5.962121
389.078695	6.818182	14.000000	5.965909	7.800000	4.962121
389.850650	3.818182	4.000000	4.965909	3.800000	1.962121
390.622529	0.818182	4.000000	0.965909	0.800000	5.962121
391.394332	2.818182	5.000000	9.965909	2.800000	3.962121
392.166058	2.818182	5.000000	8.965909	3.800000	7.962121
392.937709	12.818182	4.000000	5.965909	5.800000	7.962121
393.709284	5.818182	10.000000	6.965909	6.800000	10.962121
394.480782	3.818182	5.000000	6.965909	4.800000	1.962121
395.252205	2.818182	7.000000	3.965909	1.800000	4.962121
396.023551	7.818182	5.000000	0.965909	2.800000	8.962121
396.794821	1.818182	6.000000	5.965909	1.800000	2.962121
397.566016	1.818182	6.000000	-2.034091	3.800000	1.962121
398.337134	8.818182	3.000000	-2.034091	3.800000	6.962121
399.108176	5.818182	11.000000	3.965909	4.800000	4.962121
399.879142	7.818182	10.000000	8.965909	6.800000	4.962121
400.650032	4.818182	10.000000	3.965909	3.800000	7.962121
401.420846	2.818182	4.000000	1.965909	2.800000	5.962121
402.191584	9.818182	5.000000	-0.034091	6.800000	-2.037879
402.962246	4.818182	7.000000	3.965909	2.800000	0.962121
403.732832	13.818182	14.000000	17.965909	13.800000	9.962121
404.503341	6.818182	9.000000	8.965909	8.800000	3.962121
405.273775	7.818182	5.000000	3.965909	3.800000	2.962121
406.044132	4.818182	4.000000	2.965909	1.800000	6.962121
406.814414	4.818182	8.000000	8.965909	4.800000	4.962121
407.584619	2.818182	7.000000	7.965909	-1.200000	1.962121
408.354749	7.818182	7.000000	3.965909	5.800000	6.962121
409.124802	6.818182	6.000000	1.965909	8.800000	6.962121
409.894779	3.818182	4.000000	2.965909	2.800000	8.962121
410.664681	4.818182	2.000000	6.965909	2.800000	7.962121
411.434506	3.818182	5.000000	2.965909	5.800000	6.962121
412.204255	6.818182	3.000000	1.965909	5.800000	13.962121
412.973928	1.818182	8.000000	8.965909	6.800000	5.962121
413.743525	6.818182	4.000000	2.965909	7.800000	4.962121
414.513045	4.818182	7.000000	3.965909	6.800000	6.962121
415.282490	5.818182	9.000000	7.965909	7.800000	2.962121
416.051859	12.818182	7.000000	7.965909	10.800000	12.962121
416.821152	8.818182	5.000000	7.965909	9.800000	4.962121
417.590368	12.818182	8.000000	8.965909	4.800000	4.962121
418.359509	9.818182	10.000000	4.965909	5.800000	11.962121
419.128573	6.818182	9.000000	8.965909	7.800000	5.962121
419.897562	10.818182	8.000000	3.965909	10.800000	13.962121
420.666474	10.818182	7.000000	8.965909	14.800000	13.962121
421.435310	16.818182	13.000000	14.965909	12.800000	9.962121
422.204071	19.818182	15.000000	14.965909	17.800000	14.962121
422.972755	19.818182	15.000000	11.965909	21.800000	16.962121
423.741363	15.818182	20.000000	13.965909	14.800000	14.962121
424.509895	19.818182	14.000000	21.965909	16.800000	17.962121
425.278351	20.818182	23.000000	21.965909	22.800000	17.962121
426.046731	22.818182	26.000000	24.965909	24.800000	22.962121
426.815035	38.818182	37.000000	36.965909	41.800000	35.962121
427.583262	34.818182	39.000000	32.965909	39.800000	31.962121
428.351414	36.818182	36.000000	34.965909	38.800000	38.962121
429.119490	46.818182	49.000000	48.965909	37.800000	48.962121
429.887489	51.818182	51.000000	47.965909	48.800000	51.962121
430.655413	63.818182	59.000000	57.965909	59.800000	61.962121
431.423260	62.818182	65.000000	63.965909	59.800000	55.962121
432.191032	66.818182	73.000000	71.965909	69.800000	70.962121
432.958727	77.818182	85.000000	89.965909	80.800000	84.962121
433.726346	99.818182	93.000000	85.965909	87.800000	98.962121
434.493889	106.818182	104.000000	100.965909	102.800000	96.962121
435.261357	121.818182	126.000000	124.965909	127.800000	118.962121
436.028748	122.818182	127.000000	131.965909	127.800000	137.962121
436.796063	155.818182	152.000000	153.965909	151.800000	152.962121
437.563302	178.818182	175.000000	174.965909	174.800000	172.962121
438.330465	191.818182	190.000000	189.965909	193.800000	191.962121
439.097551	207.818182	215.000000	210.965909	209.800000	206.962121
439.864562	223.818182	234.000000	227.965909	230.800000	217.962121
440.631497	266.818182	264.000000	254.965909	266.800000	261.962121
441.398355	290.818182	283.000000	283.965909	291.800000	285.962121
442.165138	321.818182	305.000000	314.965909	303.800000	316.962121
442.931844	353.818182	349.000000	343.965909	343.800000	351.962121
443.698475	376.818182	378.000000	375.965909	379.800000	382.962121
444.465029	408.818182	412.000000	412.965909	409.800000	433.962121
445.231508	465.818182	459.000000	457.965909	455.800000	458.962121
445.997910	489.818182	490.000000	488.965909	501.800000	503.962121
446.764236	562.818182	544.000000	546.965909	546.800000	565.962121
447.530486	622.818182	623.000000	605.965909	621.800000	625.962121
448.296660	667.818182	679.000000	658.965909	652.800000	664.962121
449.062758	725.818182	734.000000	731.965909	724.800000	735.962121
449.828780	780.818182	774.000000	763.965909	791.800000	792.962121
450.594726	834.818182	845.000000	817.965909	844.800000	847.962121
451.360596	896.818182	909.000000	910.965909	898.800000	923.962121
452.126389	982.818182	962.000000	974.965909	962.800000	989.962121
452.892107	1023.818182	1034.000000	1011.965909	1020.800000	1026.962121
453.657749	1058.818182	1070.000000	1040.965909	1062.800000	1065.962121
454.423314	1202.818182	1189.000000	1180.965909	1187.800000	1212.962121
455.188804	1187.818182	1174.000000	1176.965909	1177.800000	1194.962121
455.954217	1265.818182	1284.000000	1268.965909	1257.800000	1268.962121
456.719554	1353.818182	1351.000000	1318.965909	1315.800000	1341.962121
457.484816	1364.818182	1347.000000	1350.965909	1377.800000	1356.962121
458.250001	1391.818182	1385.000000	1355.965909	1382.800000	1402.962121
459.015110	1475.818182	1479.000000	1428.965909	1449.800000	1479.962121
459.780143	1428.818182	1433.000000	1413.965909	1417.800000	1430.962121
460.545100	1350.818182	1349.000000	1349.965909	1331.800000	1372.962121
461.309981	1381.818182	1385.000000	1367.965909	1372.800000	1401.962121
462.074786	1352.818182	1363.000000	1347.965909	1333.800000	1354.962121
462.839515	1336.818182	1332.000000	1335.965909	1333.800000	1358.962121
463.604167	1267.818182	1263.000000	1254.965909	1263.800000	1257.962121
464.368744	1252.818182	1214.000000	1238.965909	1225.800000	1211.962121
465.133245	1163.818182	1164.000000	1158.965909	1160.800000	1180.962121
465.897669	1103.818182	1106.000000	1111.965909	1095.800000	1131.962121
466.662018	1046.818182	1037.000000	1026.965909	1011.800000	1044.962121
467.426290	983.818182	973.000000	973.965909	944.800000	963.962121
468.190487	898.818182	891.000000	873.965909	893.800000	898.962121
468.954607	838.818182	843.000000	853.965909	836.800000	869.962121
469.718651	784.818182	787.000000	773.965909	767.800000	791.962121
470.482619	745.818182	731.000000	731.965909	732.800000	738.962121
471.246511	693.818182	689.000000	682.965909	686.800000	689.962121
472.010328	635.818182	642.000000	618.965909	618.800000	631.962121
472.774068	581.818182	591.000000	579.965909	568.800000	589.962121
473.537731	562.818182	557.000000	552.965909	536.800000	569.962121
474.301319	505.818182	508.000000	500.965909	484.800000	497.962121
475.064831	464.818182	489.000000	463.965909	479.800000	472.962121
475.828267	461.818182	453.000000	453.965909	447.800000	459.962121
476.591627	405.818182	418.000000	405.965909	411.800000	421.962121
477.354910	394.818182	390.000000	389.965909	380.800000	379.962121
478.118118	362.818182	348.000000	346.965909	359.800000	360.962121
478.881249	337.818182	332.000000	331.965909	329.800000	347.962121
479.644305	318.818182	319.000000	323.965909	314.800000	332.962121
480.407284	299.818182	298.000000	293.965909	289.800000	291.962121
481.170187	282.818182	278.000000	277.965909	278.800000	281.962121
481.933014	266.818182	269.000000	260.965909	253.800000	254.962121
482.695766	242.818182	248.000000	232.965909	235.800000	238.962121
483.458441	222.818182	218.000000	220.965909	221.800000	219.962121
484.221040	206.818182	208.000000	202.965909	205.800000	211.962121
484.983563	182.818182	188.000000	195.965909	187.800000	191.962121
485.746010	176.818182	179.000000	172.965909	176.800000	179.962121
486.508380	155.818182	162.000000	157.965909	155.800000	167.962121
487.270675	152.818182	160.000000	157.965909	149.800000	161.962121
488.032894	146.818182	142.000000	144.965909	136.800000	136.962121
488.795036	129.818182	132.000000	130.965909	131.800000	124.962121
489.557103	119.818182	126.000000	123.965909	116.800000	133.962121
490.319094	119.818182	114.000000	112.965909	118.800000	118.962121
491.081008	110.818182	106.000000	101.965909	110.800000	107.962121
491.842846	103.818182	96.000000	97.965909	108.800000	97.962121
492.604609	95.818182	99.000000	95.965909	89.800000	92.962121
493.366295	78.818182	89.000000	87.965909	83.800000	82.962121
494.127905	80.818182	80.000000	83.965909	80.800000	81.962121
494.889439	75.818182	74.000000	73.965909	72.800000	67.962121
495.650897	68.818182	73.000000	72.965909	65.800000	68.962121
496.412279	65.818182	65.000000	60.965909	63.800000	59.962121
497.173585	54.818182	59.000000	57.965909	58.800000	63.962121
497.934815	60.818182	60.000000	59.965909	55.800000	54.962121
498.695969	53.818182	61.000000	52.965909	54.800000	54.962121
499.457047	51.818182	52.000000	43.965909	51.800000	51.962121
500.218048	42.818182	43.000000	38.965909	45.800000	49.962121
500.978974	41.818182	51.000000	48.965909	49.800000	49.962121
501.739824	38.818182	44.000000	45.965909	40.800000	43.962121
502.500597	39.818182	41.000000	33.965909	36.800000	39.962121
503.261294	39.818182	45.000000	36.965909	38.800000	38.962121
504.021916	40.818182	41.000000	35.965909	33.800000	39.962121
504.782461	32.818182	35.000000	31.965909	31.800000	37.962121
505.542930	35.818182	30.000000	33.965909	32.800000	34.962121
506.303323	31.818182	30.000000	31.965909	26.800000	32.962121
507.063641	30.818182	36.000000	29.965909	32.800000	32.962121
507.823882	23.818182	32.000000	29.965909	31.800000	31.962121
508.584047	33.818182	26.000000	21.965909	24.800000	26.962121
509.344135	28.818182	32.000000	25.965909	32.800000	22.962121
510.104148	29.818182	26.000000	26.965909	21.800000	23.962121
510.864085	22.818182	27.000000	21.965909	27.800000	26.962121
511.623946	23.818182	24.000000	26.965909	26.800000	30.962121
512.383730	22.818182	21.000000	26.965909	29.800000	24.962121
513.143439	29.818182	26.000000	25.965909	26.800000	25.962121
513.903072	24.818182	23.000000	19.965909	19.800000	16.962121
514.662628	24.818182	27.000000	23.965909	26.800000	27.962121
515.422108	30.818182	21.000000	24.965909	18.800000	28.962121
516.181513	24.818182	25.000000	21.965909	24.800000	26.962121
516.940841	22.818182	19.000000	19.965909	27.800000	22.962121
517.700093	23.818182	21.000000	17.965909	25.800000	20.962121
518.459269	17.818182	16.000000	22.965909	17.800000	21.962121
519.218369	23.818182	19.000000	17.965909	18.800000	18.962121
519.977393	25.818182	22.000000	23.965909	22.800000	24.962121
520.736341	19.818182	23.000000	20.965909	23.800000	23.962121
521.495213	21.818182	22.000000	16.965909	18.800000	21.962121
522.254009	23.818182	19.000000	17.965909	19.800000	21.962121
523.012729	16.818182	19.000000	15.965909	18.800000	18.962121
523.771372	20.818182	18.000000	22.965909	22.800000	20.962121
524.529940	15.818182	22.000000	18.965909	20.800000	16.962121
525.288432	19.818182	24.000000	22.965909	19.800000	17.962121
526.046847	18.818182	14.000000	13.965909	12.800000	15.962121
526.805187	13.818182	19.000000	17.965909	18.800000	18.962121
527.563450	12.818182	21.000000	15.965909	13.800000	20.962121
528.321637	20.818182	15.000000	10.965909	18.800000	13.962121
529.079748	10.818182	17.000000	18.965909	15.800000	16.962121
529.837784	18.818182	15.000000	15.965909	16.800000	22.962121
530.595743	14.818182	18.000000	12.965909	15.800000	15.962121
531.353626	21.818182	17.000000	22.965909	22.800000	16.962121
532.111433	19.818182	20.000000	20.965909	14.800000	17.962121
532.869164	17.818182	15.000000	16.965909	14.800000	17.962121
533.626819	16.818182	17.000000	16.965909	13.800000	16.962121
534.384397	16.818182	28.000000	11.965909	18.800000	15.962121
535.141900	15.818182	20.000000	18.965909	11.800000	21.962121
535.899327	16.818182	21.000000	21.965909	14.800000	15.962121
536.656677	19.818182	20.000000	14.965909	19.800000	16.962121
537.413952	15.818182	21.000000	21.965909	22.800000	19.962121
538.171150	15.818182	17.000000	13.965909	18.800000	16.962121
538.928273	15.818182	16.000000	21.965909	22.800000	10.962121
539.685319	12.818182	20.000000	12.965909	13.800000	18.962121
540.442289	16.818182	14.000000	16.965909	15.800000	9.962121
541.199184	17.818182	13.000000	17.965909	15.800000	15.962121
541.956002	13.818182	20.000000	11.965909	13.800000	15.962121
542.712744	11.818182	18.000000	10.965909	18.800000	10.962121
543.469410	14.818182	15.000000	18.965909	9.800000	10.962121
544.226000	15.818182	19.000000	16.965909	14.800000	13.962121
544.982514	14.818182	18.000000	13.965909	10.800000	14.962121
545.738951	10.818182	21.000000	13.965909	14.800000	19.962121
546.495313	7.818182	20.000000	16.965909	17.800000	18.962121
547.251599	10.818182	19.000000	11.965909	17.800000	14.962121
548.007809	8.818182	14.000000	16.965909	16.800000	19.962121
548.763942	12.818182	8.000000	15.965909	15.800000	17.962121
549.520000	18.818182	12.000000	18.965909	18.800000	15.962121
550.275981	13.818182	11.000000	13.965909	15.800000	12.962121
551.031886	13.818182	21.000000	8.965909	14.800000	17.962121
551.787716	12.818182	17.000000	14.965909	13.800000	17.962121
552.543469	12.818182	15.000000	12.965909	9.800000	20.962121
553.299146	15.818182	12.000000	13.965909	14.800000	17.962121
554.054747	8.818182	12.000000	13.965909	11.800000	20.962121
554.810272	14.818182	17.000000	12.965909	14.800000	10.962121
555.565721	17.818182	22.000000	15.965909	12.800000	15.962121
556.321094	20.818182	15.000000	8.965909	20.800000	17.962121
557.076391	14.818182	16.000000	16.965909	13.800000	10.962121
557.831612	13.818182	12.000000	12.965909	15.800000	14.962121
558.586757	19.818182	10.000000	13.965909	13.800000	20.962121
559.341825	13.818182	13.000000	11.965909	12.800000	11.962121
560.096818	14.818182	18.000000	14.965909	14.800000	13.962121
560.851734	17.818182	17.000000	16.965909	14.800000	20.962121
561.606575	17.818182	16.000000	11.965909	14.800000	16.962121
562.361339	18.818182	16.000000	12.965909	16.800000	20.962121
563.116028	10.818182	13.000000	14.965909	16.800000	12.962121
563.870640	17.818182	17.000000	13.965909	15.800000	10.962121
564.625176	16.818182	14.000000	15.965909	15.800000	12.962121
565.379636	20.818182	16.000000	22.965909	18.800000	15.962121
566.134020	15.818182	26.000000	21.965909	14.800000	26.962121
566.888328	15.818182	17.000000	18.965909	16.800000	16.962121
567.642560	14.818182	17.000000	15.965909	13.800000	16.962121
568.396716	16.818182	14.000000	15.965909	13.800000	14.962121
569.150796	23.818182	14.000000	16.965909	22.800000	17.962121
569.904800	15.818182	16.000000	22.965909	18.800000	19.962121
570.658728	18.818182	16.000000	22.965909	18.800000	22.962121
571.412579	22.818182	22.000000	20.965909	22.800000	16.962121
572.166355	15.818182	16.000000	20.965909	15.800000	20.962121
572.920054	20.818182	19.000000	19.965909	23.800000	25.962121
573.673678	22.818182	27.000000	24.965909	24.800000	23.962121
574.427225	26.818182	21.000000	25.965909	21.800000	20.962121
575.180697	23.818182	29.000000	23.965909	22.800000	25.962121
575.934092	26.818182	29.000000	24.965909	21.800000	23.962121
576.687411	26.818182	34.000000	23.965909	24.800000	19.962121
577.440654	33.818182	24.000000	21.965909	30.800000	30.962121
578.193821	23.818182	24.000000	23.965909	32.800000	28.962121
578.946912	25.818182	32.000000	24.965909	36.800000	38.962121
579.699927	23.818182	33.000000	30.965909	29.800000	32.962121
580.452866	30.818182	30.000000	34.965909	28.800000	30.962121
581.205729	38.818182	41.000000	33.965909	40.800000	33.962121
581.958516	47.818182	51.000000	42.965909	40.800000	48.962121
582.711226	34.818182	42.000000	44.965909	36.800000	37.962121
583.463861	41.818182	45.000000	36.965909	42.800000	43.962121
584.216419	45.818182	42.000000	54.965909	42.800000	43.962121
584.968902	43.818182	45.000000	44.965909	45.800000	47.962121
585.721308	43.818182	49.000000	43.965909	49.800000	49.962121
586.473639	49.818182	53.000000	54.965909	55.800000	59.962121
587.225893	59.818182	65.000000	51.965909	60.800000	55.962121
587.978071	63.818182	67.000000	63.965909	57.800000	63.962121
588.730173	66.818182	60.000000	68.965909	64.800000	68.962121
589.482199	67.818182	67.000000	75.965909	69.800000	72.962121
590.234149	74.818182	69.000000	67.965909	70.800000	78.962121
590.986023	77.818182	77.000000	74.965909	76.800000	83.962121
591.737821	82.818182	84.000000	87.965909	87.800000	92.962121
592.489543	93.818182	99.000000	98.965909	97.800000	91.962121
593.241189	101.818182	102.000000	101.965909	107.800000	95.962121
593.992759	109.818182	113.000000	114.965909	107.800000	112.962121
594.744252	120.818182	118.000000	116.965909	114.800000	119.962121
595.495670	126.818182	123.000000	126.965909	124.800000	128.962121
596.247011	140.818182	136.000000	138.965909	141.800000	143.962121
596.998277	157.818182	156.000000	158.965909	143.800000	151.962121
597.749466	179.818182	173.000000	166.965909	166.800000	164.962121
598.500580	188.818182	174.000000	182.965909	179.800000	189.962121
599.251617	215.818182	212.000000	199.965909	205.800000	204.962121
600.002578	227.818182	227.000000	222.965909	228.800000	229.962121
600.753463	256.818182	250.000000	243.965909	256.800000	252.962121
601.504272	295.818182	280.000000	283.965909	284.800000	276.962121
602.255005	309.818182	310.000000	306.965909	309.800000	318.962121
603.005662	349.818182	347.000000	341.965909	354.800000	346.962121
603.756243	388.818182	396.000000	390.965909	385.800000	398.962121
604.506748	439.818182	451.000000	441.965909	445.800000	445.962121
605.257177	499.818182	509.000000	506.965909	495.800000	492.962121
606.007529	564.818182	569.000000	561.965909	558.800000	562.962121
606.757806	638.818182	637.000000	639.965909	631.800000	629.962121
607.508007	715.818182	717.000000	720.965909	709.800000	718.962121
608.258131	791.818182	788.000000	796.965909	780.800000	797.962121
609.008180	885.818182	898.000000	870.965909	862.800000	886.962121
609.758152	974.818182	980.000000	975.965909	953.800000	973.962121
610.508048	1074.818182	1090.000000	1074.965909	1073.800000	1091.962121
611.257868	1179.818182	1187.000000	1164.965909	1176.800000	1206.962121
612.007613	1294.818182	1282.000000	1295.965909	1285.800000	1315.962121
612.757281	1392.818182	1415.000000	1399.965909	1389.800000	1431.962121
613.506873	1504.818182	1531.000000	1504.965909	1515.800000	1520.962121
614.256389	1626.818182	1619.000000	1597.965909	1609.800000	1644.962121
615.005829	1729.818182	1738.000000	1701.965909	1732.800000	1744.962121
615.755193	1846.818182	1837.000000	1808.965909	1798.800000	1856.962121
616.504480	1947.818182	1939.000000	1908.965909	1907.800000	1940.962121
617.253692	2036.818182	2030.000000	2035.965909	2042.800000	2052.962121
618.002828	2129.818182	2127.000000	2105.965909	2077.800000	2091.962121
618.751887	2189.818182	2187.000000	2181.965909	2168.800000	2211.962121
619.500871	2262.818182	2261.000000	2228.965909	2244.800000	2266.962121
620.249778	2303.818182	2339.000000	2303.965909	2312.800000	2328.962121
620.998610	2398.818182	2398.000000	2353.965909	2374.800000	2411.962121
621.747365	2431.818182	2423.000000	2399.965909	2408.800000	2440.962121
622.496044	2468.818182	2473.000000	2454.965909	2442.800000	2456.962121
623.244648	2492.818182	2475.000000	2461.965909	2446.800000	2490.962121
623.993175	2529.818182	2527.000000	2481.965909	2477.800000	2510.962121
624.741626	2518.818182	2532.000000	2511.965909	2495.800000	2535.962121
625.490001	2552.818182	2531.000000	2518.965909	2514.800000	2539.962121
626.238300	2561.818182	2559.000000	2531.965909	2522.800000	2578.962121
626.986523	2539.818182	2539.000000	2514.965909	2515.800000	2550.962121
627.734669	2520.818182	2564.000000	2523.965909	2522.800000	2517.962121
628.482740	2533.818182	2536.000000	2527.965909	2506.800000	2525.962121
629.230735	2510.818182	2501.000000	2481.965909	2492.800000	2515.962121
629.978654	2502.818182	2471.000000	2450.965909	2469.800000	2482.962121
630.726496	2485.818182	2454.000000	2446.965909	2449.800000	2505.962121
631.474263	2464.818182	2425.000000	2410.965909	2421.800000	2419.962121
632.221953	2402.818182	2413.000000	2418.965909	2368.800000	2437.962121
632.969567	2377.818182	2407.000000	2370.965909	2370.800000	2406.962121
633.717106	2353.818182	2360.000000	2299.965909	2336.800000	2357.962121
634.464568	2316.818182	2320.000000	2313.965909	2307.800000	2327.962121
635.211954	2315.818182	2322.000000	2246.965909	2273.800000	2287.962121
635.959264	2246.818182	2266.000000	2239.965909	2229.800000	2258.962121
636.706498	2217.818182	2225.000000	2192.965909	2217.800000	2230.962121
637.453656	2195.818182	2198.000000	2179.965909	2181.800000	2238.962121
638.200738	2142.818182	2161.000000	2131.965909	2141.800000	2163.962121
638.947744	2152.818182	2105.000000	2070.965909	2104.800000	2126.962121
639.694674	2080.818182	2061.000000	2077.965909	2070.800000	2083.962121
640.441528	2062.818182	2026.000000	2026.965909	2063.800000	2049.962121
641.188305	2026.818182	2018.000000	2027.965909	2012.800000	2043.962121
641.935007	1982.818182	2000.000000	1987.965909	2001.800000	2012.962121
642.681633	1968.818182	1997.000000	1943.965909	1960.800000	1982.962121
643.428182	1921.818182	1931.000000	1928.965909	1917.800000	1936.962121
644.174655	1889.818182	1899.000000	1880.965909	1882.800000	1910.962121
644.921053	1835.818182	1858.000000	1838.965909	1851.800000	1876.962121
645.667374	1836.818182	1840.000000	1824.965909	1810.800000	1852.962121
646.413619	1764.818182	1775.000000	1778.965909	1776.800000	1823.962121
647.159788	1775.818182	1782.000000	1770.965909	1742.800000	1777.962121
647.905882	1712.818182	1711.000000	1705.965909	1714.800000	1731.962121
648.651899	1720.818182	1701.000000	1681.965909	1689.800000	1694.962121
649.397840	1668.818182	1643.000000	1664.965909	1669.800000	1700.962121
650.143704	1637.818182	1653.000000	1624.965909	1614.800000	1648.962121
650.889493	1590.818182	1599.000000	1576.965909	1593.800000	1616.962121
651.635206	1592.818182	1585.000000	1534.965909	1557.800000	1559.962121
652.380843	1558.818182	1539.000000	1508.965909	1545.800000	1528.962121
653.126403	1501.818182	1519.000000	1519.965909	1499.800000	1528.962121
653.871888	1474.818182	1484.000000	1457.965909	1446.800000	1494.962121
654.617296	1464.818182	1472.000000	1455.965909	1450.800000	1446.962121
655.362629	1418.818182	1418.000000	1399.965909	1403.800000	1446.962121
656.107885	1379.818182	1389.000000	1369.965909	1379.800000	1377.962121
656.853066	1368.818182	1355.000000	1334.965909	1348.800000	1369.962121
657.598170	1341.818182	1323.000000	1314.965909	1321.800000	1331.962121
658.343198	1308.818182	1299.000000	1295.965909	1289.800000	1311.962121
659.088150	1249.818182	1261.000000	1261.965909	1257.800000	1279.962121
659.833026	1242.818182	1245.000000	1239.965909	1232.800000	1244.962121
660.577826	1200.818182	1213.000000	1199.965909	1181.800000	1202.962121
661.322550	1161.818182	1181.000000	1165.965909	1158.800000	1167.962121
662.067198	1129.818182	1138.000000	1133.965909	1115.800000	1140.962121
662.811770	1139.818182	1120.000000	1137.965909	1117.800000	1124.962121
663.556266	1093.818182	1073.000000	1064.965909	1063.800000	1084.962121
664.300685	1051.818182	1056.000000	1067.965909	1027.800000	1035.962121
665.045029	1042.818182	1039.000000	1009.965909	1002.800000	1033.962121
665.789297	987.818182	993.000000	998.965909	1003.800000	1006.962121
666.533488	982.818182	970.000000	951.965909	966.800000	962.962121
667.277603	942.818182	940.000000	953.965909	933.800000	938.962121
668.021643	926.818182	915.000000	923.965909	901.800000	922.962121
668.765606	900.818182	898.000000	902.965909	887.800000	911.962121
669.509493	862.818182	872.000000	858.965909	867.800000	866.962121
670.253304	855.818182	840.000000	841.965909	829.800000	874.962121
670.997040	821.818182	825.000000	833.965909	818.800000	831.962121
671.740699	784.818182	822.000000	785.965909	783.800000	807.962121
672.484282	788.818182	771.000000	774.965909	758.800000	780.962121
673.227789	748.818182	750.000000	737.965909	737.800000	746.962121
673.971219	730.818182	725.000000	712.965909	719.800000	730.962121
674.714574	704.818182	699.000000	716.965909	698.800000	702.962121
675.457853	688.818182	690.000000	692.965909	687.800000	684.962121
676.201056	670.818182	657.000000	676.965909	652.800000	677.962121
676.944182	661.818182	661.000000	644.965909	645.800000	658.962121
677.687233	618.818182	622.000000	627.965909	614.800000	638.962121
678.430207	610.818182	606.000000	603.965909	604.800000	612.962121
679.173105	594.818182	600.000000	591.965909	583.800000	596.962121
679.915928	575.818182	573.000000	562.965909	573.800000	593.962121
680.658674	570.818182	557.000000	557.965909	552.800000	560.962121
681.401344	552.818182	551.000000	546.965909	529.800000	544.962121
682.143938	532.818182	524.000000	532.965909	533.800000	529.962121
682.886457	506.818182	524.000000	505.965909	505.800000	519.962121
683.628899	490.818182	501.000000	502.965909	506.800000	510.962121
684.371264	492.818182	483.000000	480.965909	477.800000	486.962121
685.113554	477.818182	473.000000	467.965909	462.800000	466.962121
685.855768	455.818182	463.000000	449.965909	460.800000	451.962121
686.597906	451.818182	445.000000	456.965909	445.800000	453.962121
687.339968	422.818182	432.000000	433.965909	428.800000	433.962121
688.081953	421.818182	419.000000	419.965909	409.800000	424.962121
688.823863	419.818182	404.000000	416.965909	401.800000	412.962121
689.565696	409.818182	389.000000	392.965909	399.800000	400.962121
690.307454	381.818182	384.000000	384.965909	376.800000	400.962121
691.049135	378.818182	373.000000	375.965909	369.800000	382.962121
691.790740	362.818182	365.000000	360.965909	366.800000	371.962121
692.532270	362.818182	359.000000	353.965909	356.800000	363.962121
693.273723	355.818182	360.000000	347.965909	347.800000	355.962121
694.015100	346.818182	335.000000	330.965909	326.800000	333.962121
694.756401	325.818182	314.000000	327.965909	330.800000	344.962121
695.497626	325.818182	320.000000	326.965909	312.800000	317.962121
696.238775	315.818182	323.000000	293.965909	308.800000	314.962121
696.979848	300.818182	305.000000	296.965909	296.800000	313.962121
697.720845	297.818182	287.000000	304.965909	292.800000	311.962121
698.461765	285.818182	284.000000	287.965909	285.800000	280.962121
699.202610	274.818182	273.000000	282.965909	272.800000	276.962121
699.943379	278.818182	278.000000	267.965909	276.800000	272.962121
700.684071	268.818182	266.000000	262.965909	264.800000	271.962121
701.424688	264.818182	243.000000	248.965909	262.800000	266.962121
702.165228	264.818182	261.000000	257.965909	256.800000	265.962121
702.905692	252.818182	252.000000	243.965909	244.800000	240.962121
703.646081	241.818182	248.000000	250.965909	234.800000	236.962121
704.386393	233.818182	235.000000	234.965909	230.800000	233.962121
705.126629	231.818182	228.000000	232.965909	227.800000	223.962121
705.866789	219.818182	222.000000	220.965909	223.800000	227.962121
706.606873	207.818182	217.000000	211.965909	213.800000	217.962121
707.346881	212.818182	213.000000	207.965909	207.800000	212.962121
708.086813	197.818182	202.000000	200.965909	199.800000	195.962121
708.826669	202.818182	200.000000	197.965909	196.800000	197.962121
709.566448	203.818182	201.000000	200.965909	200.800000	202.962121
710.306152	185.818182	188.000000	188.965909	186.800000	191.962121
711.045780	175.818182	183.000000	183.965909	180.800000	184.962121
711.785331	180.818182	177.000000	176.965909	181.800000	187.962121
712.524807	179.818182	173.000000	173.965909	177.800000	168.962121
713.264206	166.818182	159.000000	164.965909	162.800000	172.962121
714.003530	163.818182	168.000000	164.965909	168.800000	169.962121
714.742777	152.818182	156.000000	161.965909	168.800000	167.962121
715.481948	156.818182	156.000000	147.965909	152.800000	149.962121
716.221043	152.818182	156.000000	161.965909	155.800000	148.962121
716.960063	150.818182	143.000000	152.965909	150.800000	140.962121
717.699006	145.818182	142.000000	151.965909	139.800000	148.962121
718.437873	137.818182	147.000000	144.965909	126.800000	124.962121
719.176664	135.818182	137.000000	134.965909	136.800000	139.962121
719.915378	127.818182	135.000000	132.965909	137.800000	133.962121
720.654017	136.818182	135.000000	130.965909	132.800000	124.962121
721.392580	128.818182	132.000000	116.965909	132.800000	131.962121
722.131067	120.818182	120.000000	123.965909	125.800000	125.962121
722.869477	118.818182	119.000000	122.965909	119.800000	118.962121
723.607812	122.818182	122.000000	120.965909	126.800000	120.962121
724.346070	106.818182	114.000000	112.965909	117.800000	110.962121
725.084253	108.818182	116.000000	108.965909	109.800000	108.962121
725.822359	110.818182	114.000000	104.965909	106.800000	100.962121
726.560389	106.818182	103.000000	107.965909	100.800000	107.962121
727.298344	100.818182	96.000000	89.965909	103.800000	101.962121
728.036222	97.818182	101.000000	98.965909	96.800000	95.962121
728.774024	98.818182	90.000000	97.965909	94.800000	101.962121
729.511750	89.818182	102.000000	94.965909	90.800000	94.962121
730.249400	91.818182	97.000000	89.965909	93.800000	93.962121
730.986974	83.818182	83.000000	89.965909	91.800000	91.962121
731.724472	85.818182	82.000000	88.965909	79.800000	83.962121
732.461893	86.818182	87.000000	72.965909	77.800000	88.962121
733.199239	92.818182	90.000000	85.965909	88.800000	80.962121
733.936509	79.818182	82.000000	78.965909	83.800000	81.962121
734.673702	76.818182	75.000000	71.965909	75.800000	69.962121
735.410820	74.818182	80.000000	73.965909	72.800000	72.962121
736.147861	74.818182	69.000000	69.965909	67.800000	71.962121
736.884827	71.818182	74.000000	73.965909	70.800000	70.962121
737.621716	65.818182	69.000000	70.965909	66.800000	62.962121
738.358529	67.818182	64.000000	67.965909	68.800000	65.962121
739.095266	67.818182	63.000000	60.965909	56.800000	68.962121
739.831928	57.818182	60.000000	65.965909	60.800000	65.962121
740.568513	61.818182	55.000000	63.965909	62.800000	61.962121
741.305022	59.818182	61.000000	58.965909	58.800000	63.962121
742.041455	58.818182	53.000000	56.965909	57.800000	63.962121
742.777811	50.818182	55.000000	60.965909	56.800000	56.962121
743.514092	57.818182	51.000000	48.965909	49.800000	55.962121
744.250297	44.818182	55.000000	52.965909	44.800000	50.962121
744.986426	51.818182	50.000000	49.965909	50.800000	53.962121
745.722478	49.818182	53.000000	45.965909	45.800000	51.962121
746.458455	53.818182	50.000000	46.965909	44.800000	42.962121
747.194355	50.818182	48.000000	44.965909	48.800000	44.962121
747.930180	44.818182	47.000000	41.965909	45.800000	44.962121
748.665928	47.818182	40.000000	44.965909	43.800000	44.962121
749.401600	42.818182	35.000000	41.965909	46.800000	39.962121
750.137197	38.818182	47.000000	48.965909	38.800000	41.962121
750.872717	36.818182	43.000000	38.965909	43.800000	35.962121
751.608161	38.818182	36.000000	41.965909	43.800000	46.962121
752.343529	43.818182	37.000000	39.965909	38.800000	31.962121
753.078821	35.818182	35.000000	34.965909	33.800000	44.962121
753.814037	33.818182	41.000000	41.965909	32.800000	38.962121
754.549177	34.818182	41.000000	35.965909	36.800000	33.962121
755.284241	27.818182	29.000000	37.965909	33.800000	30.962121
756.019228	31.818182	36.000000	31.965909	28.800000	30.962121
756.754140	34.818182	35.000000	28.965909	32.800000	34.962121
757.488976	32.818182	35.000000	33.965909	33.800000	30.962121
758.223735	26.818182	30.000000	27.965909	28.800000	30.962121
758.958418	23.818182	30.000000	26.965909	26.800000	21.962121
759.693026	33.818182	26.000000	30.965909	23.800000	24.962121
760.427557	31.818182	25.000000	23.965909	26.800000	29.962121
761.162012	20.818182	23.000000	34.965909	28.800000	32.962121
761.896392	20.818182	27.000000	22.965909	24.800000	30.962121
762.630695	27.818182	32.000000	36.965909	30.800000	30.962121
763.364922	59.818182	54.000000	61.965909	55.800000	56.962121
764.099073	29.818182	20.000000	23.965909	24.800000	22.962121
764.833148	27.818182	24.000000	26.965909	20.800000	22.962121
765.567147	25.818182	25.000000	25.965909	23.800000	22.962121
766.301070	25.818182	22.000000	24.965909	21.800000	25.962121
767.034916	26.818182	25.000000	18.965909	21.800000	23.962121
767.768687	25.818182	26.000000	24.965909	25.800000	19.962121
768.502382	22.818182	29.000000	21.965909	18.800000	21.962121
769.236000	22.818182	21.000000	23.965909	16.800000	22.962121
769.969543	18.818182	21.000000	14.965909	27.800000	20.962121
770.703009	22.818182	24.000000	19.965909	23.800000	18.962121
771.436400	16.818182	21.000000	18.965909	14.800000	17.962121
772.169714	18.818182	24.000000	21.965909	15.800000	20.962121
772.902952	18.818182	21.000000	17.965909	23.800000	15.962121
773.636114	15.818182	15.000000	18.965909	16.800000	14.962121
774.369200	16.818182	27.000000	18.965909	14.800000	17.962121
775.102210	24.818182	22.000000	15.965909	11.800000	21.962121
775.835144	17.818182	18.000000	21.965909	11.800000	15.962121
776.568002	20.818182	19.000000	19.965909	18.800000	15.962121
777.300784	18.818182	21.000000	17.965909	20.800000	14.962121
778.033490	12.818182	15.000000	11.965909	18.800000	18.962121
778.766120	14.818182	16.000000	17.965909	14.800000	18.962121
779.498673	12.818182	13.000000	14.965909	15.800000	10.962121
780.231151	16.818182	14.000000	12.965909	14.800000	12.962121
780.963553	9.818182	14.000000	13.965909	12.800000	16.962121
781.695878	11.818182	16.000000	2.965909	15.800000	10.962121
782.428127	15.818182	13.000000	10.965909	17.800000	12.962121
783.160301	11.818182	15.000000	13.965909	10.800000	11.962121
783.892398	14.818182	10.000000	8.965909	6.800000	10.962121
784.624419	13.818182	12.000000	9.965909	8.800000	10.962121
785.356364	13.818182	11.000000	8.965909	11.800000	10.962121
786.088234	13.818182	10.000000	12.965909	12.800000	10.962121
786.820027	13.818182	18.000000	11.965909	18.800000	14.962121
787.551743	9.818182	12.000000	7.965909	11.800000	10.962121
788.283384	15.818182	10.000000	8.965909	12.800000	6.962121
789.014949	16.818182	10.000000	8.965909	7.800000	11.962121
789.746438	12.818182	17.000000	12.965909	13.800000	15.962121
790.477851	6.818182	13.000000	13.965909	6.800000	12.962121
791.209187	9.818182	13.000000	12.965909	12.800000	13.962121
791.940448	13.818182	6.000000	12.965909	5.800000	10.962121
792.671632	13.818182	11.000000	9.965909	10.800000	7.962121
793.402741	5.818182	6.000000	9.965909	3.800000	12.962121
794.133773	12.818182	15.000000	11.965909	8.800000	11.962121
794.864730	10.818182	11.000000	9.965909	7.800000	6.962121
795.595610	6.818182	14.000000	7.965909	11.800000	6.962121
796.326414	9.818182	7.000000	5.965909	8.800000	9.962121
797.057142	6.818182	10.000000	8.965909	9.800000	10.962121
797.787794	8.818182	10.000000	8.965909	2.800000	9.962121
798.518370	8.818182	3.000000	5.965909	8.800000	7.962121
799.248870	8.818182	8.000000	5.965909	8.800000	8.962121
799.979294	5.818182	14.000000	5.965909	10.800000	12.962121
800.709642	6.818182	9.000000	7.965909	6.800000	13.962121
801.439914	1.818182	10.000000	5.965909	5.800000	7.962121
802.170109	5.818182	7.000000	8.965909	10.800000	7.962121
802.900229	6.818182	12.000000	15.965909	10.800000	12.962121
803.630272	8.818182	11.000000	6.965909	6.800000	8.962121
804.360240	5.818182	5.000000	11.965909	1.800000	7.962121
805.090131	5.818182	9.000000	10.965909	1.800000	6.962121
805.819947	5.818182	11.000000	5.965909	6.800000	3.962121
806.549686	5.818182	13.000000	4.965909	8.800000	11.962121
807.279349	2.818182	7.000000	4.965909	5.800000	6.962121
808.008936	4.818182	5.000000	6.965909	5.800000	12.962121
808.738447	1.818182	5.000000	7.965909	8.800000	5.962121
809.467882	5.818182	2.000000	0.965909	4.800000	3.962121
810.197241	8.818182	9.000000	9.965909	10.800000	7.962121
810.926524	7.818182	7.000000	2.965909	2.800000	3.962121
811.655731	4.818182	10.000000	9.965909	6.800000	7.962121
812.384862	7.818182	11.000000	6.965909	10.800000	8.962121
813.113917	5.818182	4.000000	6.965909	5.800000	6.962121
813.842895	3.818182	5.000000	4.965909	3.800000	5.962121
814.571798	6.818182	4.000000	4.965909	4.800000	1.962121
815.300624	6.818182	6.000000	3.965909	1.800000	8.962121
816.029375	3.818182	5.000000	3.965909	4.800000	5.962121
816.758049	7.818182	6.000000	2.965909	2.800000	3.962121
817.486648	7.818182	3.000000	5.965909	5.800000	8.962121
818.215170	4.818182	2.000000	2.965909	3.800000	2.962121
818.943616	6.818182	4.000000	6.965909	3.800000	-1.037879
819.671986	4.818182	0.000000	1.965909	-2.200000	6.962121
820.400280	5.818182	7.000000	-0.034091	4.800000	3.962121
821.128498	3.818182	5.000000	8.965909	1.800000	-0.037879
821.856640	8.818182	10.000000	13.965909	13.800000	3.962121
822.584706	9.818182	4.000000	4.965909	6.800000	2.962121
823.312696	3.818182	1.000000	-1.034091	-1.200000	2.962121
824.040610	3.818182	10.000000	6.965909	6.800000	5.962121
824.768447	7.818182	10.000000	10.965909	10.800000	2.962121
825.496209	4.818182	4.000000	4.965909	4.800000	4.962121
826.223894	6.818182	11.000000	6.965909	6.800000	5.962121
826.951504	6.818182	0.000000	4.965909	1.800000	7.962121
827.679037	9.818182	4.000000	5.965909	-0.200000	2.962121
828.406495	1.818182	6.000000	4.965909	11.800000	3.962121
829.133876	4.818182	1.000000	3.965909	6.800000	-0.037879
829.861181	4.818182	1.000000	10.965909	2.800000	4.962121
830.588410	11.818182	3.000000	2.965909	2.800000	5.962121
831.315564	0.818182	0.000000	-2.034091	8.800000	1.962121
832.042641	0.818182	2.000000	2.965909	0.800000	5.962121
832.769642	2.818182	3.000000	3.965909	-1.200000	4.962121
833.496567	-0.181818	4.000000	5.965909	2.800000	3.962121
834.223415	10.818182	6.000000	4.965909	7.800000	2.962121
834.950188	4.818182	1.000000	0.965909	2.800000	-1.037879
835.676885	9.818182	6.000000	11.965909	8.800000	6.962121
836.403506	5.818182	3.000000	5.965909	4.800000	2.962121
837.130050	1.818182	6.000000	4.965909	4.800000	2.962121
837.856519	3.818182	1.000000	0.965909	6.800000	1.962121
838.582911	2.818182	1.000000	4.965909	8.800000	-0.037879
839.309228	1.818182	0.000000	0.965909	6.800000	0.962121
840.035468	2.818182	0.000000	5.965909	5.800000	7.962121
840.761632	3.818182	5.000000	2.965909	2.800000	2.962121
841.487720	4.818182	8.000000	3.965909	1.800000	-0.037879
842.213733	3.818182	7.000000	5.965909	0.800000	3.962121
842.939669	-0.181818	4.000000	4.965909	-1.200000	3.962121
843.665529	7.818182	2.000000	1.965909	2.800000	3.962121
844.391313	0.818182	3.000000	-2.034091	5.800000	3.962121
845.117020	0.818182	6.000000	-1.034091	4.800000	0.962121
845.842652	0.818182	1.000000	-0.034091	5.800000	-1.037879
846.568208	3.818182	0.000000	0.965909	1.800000	3.962121
847.293688	-3.181818	5.000000	0.965909	0.800000	3.962121
848.019091	-1.181818	-1.000000	-1.034091	5.800000	1.962121
848.744419	-1.181818	1.000000	6.965909	-1.200000	4.962121
849.469670	0.818182	2.000000	-1.034091	2.800000	0.962121
850.194846	6.818182	2.000000	-1.034091	0.800000	4.962121
850.919945	-0.181818	1.000000	-0.034091	2.800000	-1.037879
851.644969	1.818182	-2.000000	-0.034091	3.800000	1.962121
852.369916	0.818182	0.000000	4.965909	-4.200000	-2.037879
853.094787	5.818182	3.000000	-0.034091	3.800000	3.962121
853.819582	-0.181818	0.000000	-1.034091	-4.200000	0.962121
854.544301	7.818182	6.000000	7.965909	5.800000	3.962121
855.268944	-1.181818	0.000000	0.965909	1.800000	1.962121
855.993511	0.818182	3.000000	5.965909	-2.200000	-2.037879
856.718002	-3.181818	0.000000	0.965909	-0.200000	2.962121
857.442417	1.818182	1.000000	0.965909	3.800000	6.962121
858.166755	-1.181818	-1.000000	1.965909	-0.200000	6.962121
858.891018	4.818182	6.000000	5.965909	0.800000	3.962121
859.615205	2.818182	3.000000	9.965909	3.800000	1.962121
860.339315	2.818182	3.000000	3.965909	2.800000	-1.037879
861.063350	0.818182	3.000000	0.965909	4.800000	-0.037879
861.787308	1.818182	2.000000	4.965909	1.800000	4.962121
862.511190	2.818182	1.000000	5.965909	2.800000	4.962121
863.234997	1.818182	0.000000	1.965909	2.800000	0.962121
863.958727	5.818182	0.000000	7.965909	4.800000	4.962121
864.682381	3.818182	3.000000	5.965909	1.800000	-5.037879
865.405959	6.818182	4.000000	2.965909	5.800000	-0.037879
866.129461	0.818182	-1.000000	4.965909	-2.200000	-4.037879
866.852887	2.818182	4.000000	5.965909	2.800000	2.962121
867.576237	1.818182	0.000000	4.965909	-1.200000	2.962121
868.299511	3.818182	1.000000	5.965909	1.800000	-0.037879
869.022709	2.818182	0.000000	3.965909	-5.200000	3.962121
869.745830	-1.181818	2.000000	3.965909	0.800000	5.962121
870.468876	0.818182	2.000000	1.965909	2.800000	3.962121
871.191846	6.818182	5.000000	0.965909	1.800000	-0.037879
871.914739	2.818182	2.000000	2.965909	-1.200000	0.962121
872.637557	5.818182	7.000000	6.965909	4.800000	0.962121
873.360298	6.818182	4.000000	1.965909	2.800000	5.962121
874.082963	0.818182	6.000000	4.965909	1.800000	4.962121
874.805553	0.818182	3.000000	5.965909	4.800000	2.962121
875.528066	4.818182	4.000000	-1.034091	3.800000	3.962121
876.250503	1.818182	4.000000	5.965909	9.800000	2.962121
876.972864	3.818182	2.000000	1.965909	4.800000	1.962121
877.695149	4.818182	9.000000	0.965909	1.800000	1.962121
878.417358	4.818182	6.000000	5.965909	3.800000	2.962121
879.139491	3.818182	4.000000	8.965909	2.800000	4.962121
879.861548	2.818182	6.000000	8.965909	4.800000	2.962121
880.583528	-1.181818	4.000000	2.965909	2.800000	1.962121
881.305433	-2.181818	6.000000	2.965909	3.800000	1.962121
882.027262	6.818182	3.000000	-0.034091	3.800000	2.962121
882.749014	4.818182	5.000000	5.965909	6.800000	8.962121
883.470691	-1.181818	6.000000	0.965909	8.800000	1.962121
884.192291	6.818182	7.000000	5.965909	3.800000	1.962121
884.913815	2.818182	6.000000	7.965909	2.800000	9.962121
885.635264	5.818182	3.000000	2.965909	3.800000	-0.037879
886.356636	4.818182	5.000000	7.965909	2.800000	7.962121
887.077932	5.818182	8.000000	1.965909	6.800000	5.962121
887.799152	-0.181818	8.000000	1.965909	4.800000	4.962121
888.520296	8.818182	7.000000	5.965909	5.800000	2.962121
889.241364	8.818182	10.000000	8.965909	8.800000	11.962121
889.962356	4.818182	3.000000	3.965909	6.800000	6.962121
890.683272	6.818182	14.000000	10.965909	9.800000	15.962121
891.404112	7.818182	11.000000	11.965909	10.800000	4.962121
892.124875	6.818182	9.000000	5.965909	11.800000	6.962121
892.845563	5.818182	7.000000	11.965909	6.800000	3.962121
893.566175	7.818182	12.000000	8.965909	6.800000	15.962121
894.286710	4.818182	6.000000	10.965909	10.800000	9.962121
895.007170	6.818182	10.000000	7.965909	4.800000	10.962121
895.727553	7.818182	9.000000	7.965909	8.800000	7.962121
896.447860	10.818182	7.000000	14.965909	17.800000	6.962121
897.168092	10.818182	9.000000	10.965909	11.800000	9.962121
897.888247	5.818182	13.000000	6.965909	11.800000	12.962121
898.608326	8.818182	13.000000	10.965909	13.800000	9.962121
899.328329	12.818182	12.000000	6.965909	11.800000	8.962121
900.048256	5.818182	13.000000	10.965909	6.800000	13.962121
900.768107	10.818182	7.000000	14.965909	9.800000	11.962121
901.487882	11.818182	12.000000	8.965909	10.800000	13.962121
902.207581	13.818182	10.000000	10.965909	13.800000	9.962121
902.927203	10.818182	16.000000	14.965909	11.800000	10.962121
903.646750	12.818182	19.000000	9.965909	8.800000	16.962121
904.366221	16.818182	13.000000	13.965909	11.800000	16.962121
905.085615	12.818182	17.000000	10.965909	19.800000	12.962121
905.804934	16.818182	15.000000	13.965909	12.800000	13.962121
906.524176	10.818182	14.000000	16.965909	7.800000	14.962121
907.243343	16.818182	19.000000	11.965909	10.800000	13.962121
907.962433	15.818182	19.000000	14.965909	15.800000	10.962121
908.681447	14.818182	23.000000	20.965909	13.800000	12.962121
909.400385	42.818182	41.000000	50.965909	44.800000	49.962121
910.119247	15.818182	19.000000	17.965909	17.800000	16.962121
910.838033	15.818182	15.000000	13.965909	13.800000	14.962121
911.556743	15.818182	16.000000	15.965909	14.800000	13.962121
912.275377	16.818182	21.000000	12.965909	14.800000	16.962121
912.993935	16.818182	20.000000	16.965909	19.800000	14.962121
913.712417	13.818182	12.000000	23.965909	13.800000	16.962121
914.430823	13.818182	16.000000	16.965909	16.800000	18.962121
915.149152	16.818182	15.000000	18.965909	10.800000	14.962121
915.867406	16.818182	14.000000	14.965909	12.800000	20.962121
916.585584	19.818182	11.000000	18.965909	15.800000	15.962121
917.303685	15.818182	19.000000	16.965909	16.800000	17.962121
918.021710	18.818182	15.000000	14.965909	17.800000	16.962121
918.739660	24.818182	12.000000	15.965909	18.800000	19.962121
919.457533	15.818182	14.000000	18.965909	17.800000	21.962121
920.175330	18.818182	15.000000	18.965909	14.800000	18.962121
920.893051	17.818182	22.000000	18.965909	16.800000	15.962121
921.610696	14.818182	22.000000	16.965909	16.800000	16.962121
922.328265	13.818182	11.000000	13.965909	15.800000	18.962121
923.045758	12.818182	12.000000	11.965909	15.800000	13.962121
923.763175	18.818182	19.000000	12.965909	18.800000	16.962121
924.480516	14.818182	12.000000	15.965909	13.800000	14.962121
925.197781	20.818182	15.000000	22.965909	13.800000	13.962121
925.914970	15.818182	19.000000	15.965909	16.800000	5.962121
926.632082	13.818182	15.000000	15.965909	11.800000	13.962121
927.349119	18.818182	13.000000	11.965909	13.800000	10.962121
928.066079	15.818182	15.000000	15.965909	17.800000	18.962121
928.782964	14.818182	18.000000	11.965909	10.800000	15.962121
929.499772	10.818182	20.000000	6.965909	16.800000	11.962121
930.216504	14.818182	17.000000	14.965909	11.800000	16.962121
930.933161	5.818182	10.000000	14.965909	13.800000	12.962121
931.649741	13.818182	13.000000	4.965909	13.800000	13.962121
932.366245	26.818182	29.000000	19.965909	22.800000	26.962121
933.082673	13.818182	15.000000	11.965909	12.800000	12.962121
933.799025	12.818182	10.000000	14.965909	11.800000	9.962121
934.515301	12.818182	9.000000	11.965909	12.800000	10.962121
935.231501	11.818182	6.000000	14.965909	13.800000	11.962121
935.947625	10.818182	8.000000	7.965909	7.800000	7.962121
936.663672	8.818182	10.000000	8.965909	11.800000	13.962121
937.379644	8.818182	11.000000	8.965909	7.800000	9.962121
938.095540	8.818182	12.000000	5.965909	11.800000	10.962121
938.811359	12.818182	9.000000	6.965909	14.800000	10.962121
939.527103	4.818182	9.000000	5.965909	10.800000	10.962121
940.242770	7.818182	7.000000	6.965909	4.800000	6.962121
940.958361	6.818182	13.000000	8.965909	8.800000	15.962121
941.673877	6.818182	15.000000	8.965909	5.800000	11.962121
942.389316	11.818182	9.000000	7.965909	6.800000	6.962121
943.104679	8.818182	9.000000	9.965909	5.800000	2.962121
943.819966	10.818182	6.000000	3.965909	13.800000	3.962121
944.535177	4.818182	4.000000	5.965909	7.800000	6.962121
945.250312	5.818182	9.000000	4.965909	6.800000	6.962121
945.965371	10.818182	9.000000	7.965909	7.800000	5.962121
946.680354	8.818182	6.000000	7.965909	7.800000	6.962121
947.395261	7.818182	9.000000	6.965909	10.800000	7.962121
948.110091	5.818182	6.000000	7.965909	6.800000	3.962121
948.824846	4.818182	6.000000	6.965909	0.800000	8.962121
949.539525	9.818182	6.000000	1.965909	7.800000	2.962121
950.254127	0.818182	12.000000	1.965909	6.800000	4.962121
950.968654	10.818182	10.000000	1.965909	11.800000	7.962121
951.683104	9.818182	8.000000	3.965909	4.800000	8.962121
952.397478	6.818182	5.000000	2.965909	4.800000	2.962121
953.111777	7.818182	6.000000	1.965909	-0.200000	0.962121
953.825999	6.818182	8.000000	3.965909	1.800000	1.962121
954.540145	7.818182	7.000000	5.965909	9.800000	6.962121
955.254215	1.818182	5.000000	6.965909	2.800000	2.962121
955.968209	1.818182	6.000000	9.965909	3.800000	2.962121
956.682127	5.818182	3.000000	4.965909	5.800000	2.962121
957.395969	1.818182	0.000000	-3.034091	4.800000	7.962121
958.109735	5.818182	4.000000	0.965909	4.800000	3.962121
958.823424	7.818182	13.000000	7.965909	9.800000	11.962121
959.537038	1.818182	1.000000	0.965909	6.800000	-0.037879
960.250576	5.818182	2.000000	3.965909	-1.200000	1.962121
960.964037	8.818182	9.000000	5.965909	3.800000	5.962121
961.677423	4.818182	4.000000	1.965909	1.800000	2.962121
962.390732	6.818182	6.000000	2.965909	6.800000	-2.037879
963.103965	2.818182	6.000000	3.965909	8.800000	0.962121
963.817123	6.818182	0.000000	0.965909	1.800000	0.962121
964.530204	-0.181818	2.000000	-2.034091	5.800000	4.962121
965.243209	3.818182	0.000000	3.965909	3.800000	1.962121
965.956138	4.818182	6.000000	2.965909	3.800000	-0.037879
966.668991	1.818182	3.000000	-1.034091	1.800000	3.962121
967.381768	4.818182	5.000000	1.965909	0.800000	4.962121
968.094469	2.818182	1.000000	1.965909	0.800000	1.962121
968.807094	2.818182	4.000000	8.965909	8.800000	6.962121
969.519643	2.818182	3.000000	4.965909	3.800000	1.962121
970.232115	6.818182	5.000000	5.965909	2.800000	-2.037879
970.944512	-2.181818	3.000000	-1.034091	1.800000	0.962121
971.656833	-1.181818	5.000000	-0.034091	3.800000	2.962121
972.369077	6.818182	-1.000000	-2.034091	-1.200000	0.962121
973.081246	-0.181818	3.000000	3.965909	-2.200000	-0.037879
973.793338	0.818182	1.000000	0.965909	3.800000	-0.037879
974.505354	6.818182	-3.000000	6.965909	4.800000	-2.037879
975.217295	4.818182	-4.000000	3.965909	-2.200000	1.962121
975.929159	4.818182	-3.000000	-1.034091	-1.200000	0.962121
976.640947	-2.181818	1.000000	-4.034091	-2.200000	3.962121
977.352659	4.818182	1.000000	2.965909	-1.200000	0.962121
978.064295	4.818182	3.000000	4.965909	0.800000	0.962121
978.775855	-0.181818	6.000000	0.965909	0.800000	0.962121
979.487339	0.818182	8.000000	0.965909	2.800000	3.962121
980.198747	-0.181818	3.000000	0.965909	-2.200000	0.962121
980.910079	-4.181818	4.000000	1.965909	-2.200000	1.962121
981.621334	-0.181818	4.000000	1.965909	2.800000	1.962121
982.332514	-3.181818	4.000000	-0.034091	0.800000	0.962121
983.043617	-1.181818	-2.000000	0.965909	1.800000	1.962121
983.754645	-1.181818	2.000000	3.965909	2.800000	6.962121
984.465596	-1.181818	2.000000	-0.034091	-2.200000	2.962121
985.176472	2.818182	6.000000	3.965909	0.800000	0.962121
985.887271	9.818182	5.000000	7.965909	6.800000	9.962121
986.597994	0.818182	5.000000	3.965909	5.800000	4.962121
987.308641	1.818182	4.000000	0.965909	1.800000	1.962121
988.019213	5.818182	1.000000	-5.034091	4.800000	-2.037879
988.729708	-0.181818	2.000000	-0.034091	3.800000	-1.037879
989.440127	3.818182	-1.000000	2.965909	-0.200000	1.962121
990.150470	2.818182	0.000000	0.965909	-0.200000	1.962121
990.860736	0.818182	3.000000	0.965909	1.800000	4.962121
991.570927	0.818182	6.000000	1.965909	1.800000	2.962121
992.281042	5.818182	-1.000000	0.965909	-3.200000	0.962121
992.991081	-0.181818	3.000000	0.965909	0.800000	1.962121
993.701043	-0.181818	-1.000000	2.965909	1.800000	2.962121
994.410930	-6.181818	6.000000	-4.034091	0.800000	0.962121
995.120740	-5.181818	-2.000000	-0.034091	-1.200000	3.962121
995.830475	-2.181818	2.000000	3.965909	1.800000	2.962121
996.540133	2.818182	1.000000	-4.034091	-1.200000	1.962121
997.249715	3.818182	4.000000	0.965909	-2.200000	-0.037879
997.959221	3.818182	-1.000000	0.965909	1.800000	-2.037879
998.668652	1.818182	1.000000	-4.034091	2.800000	-1.037879
999.378006	5.818182	0.000000	0.965909	-2.200000	1.962121
1000.087284	0.818182	1.000000	-4.034091	-0.200000	-1.037879
1000.796486	3.818182	9.000000	8.965909	6.800000	2.962121
1001.505611	-4.181818	0.000000	2.965909	5.800000	-3.037879
1002.214661	3.818182	2.000000	-4.034091	-1.200000	-3.037879
1002.923635	2.818182	5.000000	3.965909	3.800000	2.962121
1003.632533	1.818182	0.000000	-0.034091	1.800000	-2.037879
1004.341354	-1.181818	2.000000	4.965909	2.800000	2.962121
1005.050100	1.818182	3.000000	-1.034091	1.800000	1.962121
1005.758769	5.818182	1.000000	3.965909	1.800000	-0.037879
1006.467363	1.818182	2.000000	1.965909	-0.200000	4.962121
1007.175880	1.818182	2.000000	-1.034091	2.800000	-0.037879
1007.884322	-1.181818	3.000000	4.965909	2.800000	-0.037879
1008.592687	-0.181818	1.000000	-1.034091	2.800000	-4.037879
1009.300976	-4.181818	-1.000000	-3.034091	-0.200000	-4.037879
1010.009189	-1.181818	2.000000	-4.034091	-2.200000	0.962121
1010.717326	-3.181818	-3.000000	0.965909	-3.200000	-1.037879
1011.425387	-2.181818	2.000000	-3.034091	5.800000	-4.037879
1012.133372	-0.181818	1.000000	1.965909	-0.200000	-3.037879
1012.841281	2.818182	4.000000	-3.034091	0.800000	-1.037879
1013.549114	3.818182	-4.000000	-2.034091	3.800000	2.962121
1014.256871	0.818182	-2.000000	0.965909	2.800000	2.962121
1014.964551	2.818182	3.000000	6.965909	2.800000	2.962121
1015.672156	2.818182	3.000000	-2.034091	5.800000	-0.037879
1016.379684	1.818182	-1.000000	-0.034091	2.800000	3.962121
1017.087137	-0.181818	-2.000000	-2.034091	-0.200000	0.962121
1017.794513	-3.181818	3.000000	4.965909	-0.200000	-1.037879
1018.501814	-3.181818	-1.000000	-1.034091	1.800000	0.962121
1019.209038	-2.181818	-1.000000	0.965909	0.800000	2.962121
1019.916186	-2.181818	5.000000	-1.034091	1.800000	-2.037879
1020.623258	3.818182	1.000000	-0.034091	-5.200000	-3.037879
1021.330254	-3.181818	0.000000	2.965909	-1.200000	-1.037879
1022.037174	-3.181818	1.000000	1.965909	-2.200000	0.962121
1022.744018	2.818182	0.000000	-1.034091	-3.200000	0.962121
1023.450786	0.818182	3.000000	-0.034091	1.800000	1.962121
1024.157478	-0.181818	3.000000	1.965909	-0.200000	-4.037879
1024.864094	1.818182	-5.000000	3.965909	-0.200000	-4.037879
1025.570634	1.818182	4.000000	6.965909	3.800000	3.962121
1026.277097	0.818182	-1.000000	-1.034091	-0.200000	-3.037879
1026.983485	-0.181818	4.000000	-2.034091	2.800000	-1.037879
1027.689796	-1.181818	-3.000000	-2.034091	-1.200000	-2.037879
1028.396032	0.818182	1.000000	-5.034091	-0.200000	0.962121
1029.102191	-0.181818	3.000000	0.965909	3.800000	-1.037879
1029.808275	6.818182	5.000000	7.965909	10.800000	2.962121
1030.514282	-1.181818	2.000000	-0.034091	7.800000	-1.037879
1031.220213	4.818182	3.000000	0.965909	1.800000	-3.037879
1031.926068	-1.181818	2.000000	-1.034091	0.800000	-0.037879
1032.631847	-4.181818	3.000000	-1.034091	-0.200000	-3.037879
1033.337550	2.818182	0.000000	-1.034091	-0.200000	-0.037879
1034.043177	1.818182	1.000000	-1.034091	-2.200000	0.962121
1034.748728	-2.181818	-1.000000	3.965909	-4.200000	-2.037879
1035.454203	-1.181818	0.000000	3.965909	-0.200000	-1.037879
1036.159602	3.818182	-1.000000	4.965909	-2.200000	-1.037879
1036.864924	6.818182	1.000000	2.965909	7.800000	7.962121
1037.570171	4.818182	-1.000000	1.965909	3.800000	-0.037879
1038.275341	-1.181818	-1.000000	-0.034091	1.800000	-3.037879
1038.980436	1.818182	3.000000	6.965909	2.800000	6.962121
1039.685454	-0.181818	3.000000	2.965909	-0.200000	-0.037879
1040.390397	-3.181818	-2.000000	6.965909	-1.200000	2.962121
1041.095263	-5.181818	2.000000	-2.034091	-0.200000	-4.037879
1041.800053	2.818182	-3.000000	-1.034091	-0.200000	-0.037879
1042.504767	2.818182	0.000000	-0.034091	-1.200000	0.962121
1043.209405	2.818182	-1.000000	3.965909	-2.200000	-0.037879
1043.913968	0.818182	0.000000	1.965909	-2.200000	-1.037879
1044.618454	-3.181818	3.000000	-0.034091	-0.200000	4.962121
1045.322863	4.818182	1.000000	6.965909	0.800000	-2.037879
1046.027197	5.818182	-1.000000	1.965909	-0.200000	3.962121
1046.731455	-2.181818	2.000000	1.965909	3.800000	1.962121
1047.435637	2.818182	-3.000000	-2.034091	-1.200000	7.962121
1048.139742	-0.181818	-1.000000	-0.034091	0.800000	-0.037879
1048.843772	-4.181818	0.000000	-4.034091	5.800000	0.962121
1049.547726	-4.181818	2.000000	-2.034091	-0.200000	-0.037879
1050.251603	1.818182	-1.000000	-1.034091	-0.200000	3.962121
1050.955404	2.818182	-4.000000	3.965909	0.800000	2.962121
1051.659130	1.818182	1.000000	0.965909	1.800000	3.962121
1052.362779	2.818182	4.000000	2.965909	1.800000	-0.037879
1053.066352	4.818182	2.000000	3.965909	1.800000	2.962121
1053.769849	-1.181818	-2.000000	-0.034091	-0.200000	0.962121
1054.473270	-0.181818	4.000000	-3.034091	-0.200000	0.962121
1055.176615	3.818182	-2.000000	-1.034091	0.800000	4.962121
1055.879884	-0.181818	-3.000000	-1.034091	0.800000	4.962121
1056.583077	-1.181818	3.000000	2.965909	3.800000	-0.037879
1057.286194	0.818182	5.000000	1.965909	-0.200000	2.962121
1057.989235	0.818182	-1.000000	2.965909	0.800000	-0.037879
1058.692200	3.818182	1.000000	1.965909	2.800000	-2.037879
1059.395088	0.818182	3.000000	2.965909	2.800000	0.962121
1060.097901	-0.181818	5.000000	-1.034091	-3.200000	-3.037879
1060.800637	-3.181818	2.000000	7.965909	1.800000	0.962121
1061.503298	-5.181818	3.000000	0.965909	-1.200000	-1.037879
1062.205882	0.818182	-4.000000	2.965909	-0.200000	0.962121
1062.908390	7.818182	-4.000000	3.965909	1.800000	7.962121
1063.610823	3.818182	1.000000	2.965909	-1.200000	-0.037879
1064.313179	-3.181818	2.000000	1.965909	-3.200000	2.962121
1065.015459	2.818182	0.000000	-0.034091	-2.200000	2.962121
1065.717663	-0.181818	0.000000	2.965909	5.800000	3.962121
1066.419791	-1.181818	-1.000000	3.965909	-1.200000	1.962121
1067.121843	-0.181818	4.000000	-2.034091	1.800000	-0.037879
1067.823819	1.818182	-3.000000	-0.034091	1.800000	2.962121
1068.525718	-4.181818	1.000000	-2.034091	-1.200000	2.962121
1069.227542	-2.181818	-5.000000	-1.034091	-3.200000	0.962121
1069.929290	2.818182	1.000000	1.965909	-1.200000	1.962121
1070.630961	2.818182	-2.000000	6.965909	0.800000	4.962121
1071.332557	5.818182	1.000000	4.965909	-0.200000	1.962121
1072.034077	-1.181818	-1.000000	0.965909	-1.200000	-1.037879
1072.735520	5.818182	-3.000000	5.965909	-3.200000	6.962121
1073.436887	-2.181818	-3.000000	3.965909	5.800000	0.962121
1074.138179	-0.181818	-2.000000	4.965909	1.800000	-2.037879
1074.839394	-3.181818	3.000000	3.965909	-0.200000	0.962121
1075.540533	-2.181818	3.000000	1.965909	3.800000	-2.037879
1076.241596	-0.181818	0.000000	-0.034091	0.800000	-0.037879
1076.942583	1.818182	2.000000	3.965909	-1.200000	1.962121
1077.643494	1.818182	-3.000000	-2.034091	-0.200000	-0.037879
1078.344329	1.818182	-1.000000	-0.034091	-2.200000	-1.037879
1079.045088	-0.181818	2.000000	-1.034091	-0.200000	-2.037879
1079.745770	-0.181818	-1.000000	2.965909	-0.200000	-3.037879
1080.446377	-4.181818	4.000000	4.965909	-1.200000	-2.037879
1081.146908	-1.181818	1.000000	-6.034091	4.800000	2.962121
1081.847362	-2.181818	2.000000	4.965909	-0.200000	0.962121
1082.547741	-1.181818	-2.000000	3.965909	-1.200000	0.962121
1083.248043	-0.181818	1.000000	-3.034091	-1.200000	0.962121
1083.948270	-1.181818	-2.000000	2.965909	-5.200000	-3.037879
1084.648420	-2.181818	-3.000000	-4.034091	0.800000	-1.037879
1085.348494	0.818182	3.000000	0.965909	-0.200000	-5.037879
1086.048492	-3.181818	0.000000	-1.034091	2.800000	-6.037879
1086.748415	2.818182	6.000000	2.965909	-2.200000	3.962121
1087.448261	0.818182	-1.000000	-4.034091	-0.200000	-1.037879
1088.148031	1.818182	-3.000000	0.965909	3.800000	6.962121
1088.847725	-2.181818	0.000000	-2.034091	-1.200000	0.962121
1089.547342	-1.181818	2.000000	0.965909	1.800000	0.962121
1090.246884	-0.181818	2.000000	-0.034091	-1.200000	-2.037879
1090.946350	-0.181818	4.000000	1.965909	1.800000	-1.037879
1091.645740	-2.181818	0.000000	-1.034091	-3.200000	-0.037879
1092.345053	-0.181818	-2.000000	-0.034091	-4.200000	-0.037879
1093.044291	0.818182	3.000000	0.965909	-1.200000	-3.037879
1093.743452	-3.181818	2.000000	3.965909	1.800000	-4.037879
1094.442538	-1.181818	5.000000	2.965909	2.800000	8.962121
1095.141547	-2.181818	2.000000	-0.034091	0.800000	4.962121
1095.840480	2.818182	1.000000	-1.034091	-2.200000	-0.037879
1096.539338	2.818182	-7.000000	-1.034091	-1.200000	0.962121
1097.238119	3.818182	-2.000000	-3.034091	6.800000	-5.037879
1097.936824	2.818182	-3.000000	-1.034091	0.800000	0.962121
1098.635453	-5.181818	-2.000000	-0.034091	-2.200000	3.962121
1099.334006	3.818182	-2.000000	-1.034091	-5.200000	3.962121
1100.032483	0.818182	6.000000	-3.034091	1.800000	4.962121
