300.577233	-3.345455	3.648485	-2.406061	1.509091	-0.563636
301.357859	-0.345455	-4.351515	4.593939	-1.490909	3.436364
302.138410	-0.345455	3.648485	1.593939	1.509091	-1.563636
302.918884	-0.345455	6.648485	9.593939	3.509091	-0.563636
303.699282	7.654545	1.648485	4.593939	10.509091	2.436364
304.479604	5.654545	5.648485	1.593939	4.509091	2.436364
305.259850	3.654545	4.648485	3.593939	4.509091	1.436364
306.040019	4.654545	-1.351515	-1.406061	4.509091	0.436364
306.820113	-0.345455	-3.351515	-1.406061	5.509091	-0.563636
307.600131	2.654545	8.648485	-1.406061	3.509091	4.436364
308.380073	-0.345455	5.648485	2.593939	-0.490909	1.436364
309.159938	-0.345455	-1.351515	3.593939	0.509091	-1.563636
309.939728	7.654545	2.648485	7.593939	9.509091	7.436364
310.719441	1.654545	4.648485	4.593939	1.509091	2.436364
311.499079	1.654545	1.648485	1.593939	1.509091	3.436364
312.278640	5.654545	4.648485	-2.406061	-0.490909	4.436364
313.058125	0.654545	2.648485	2.593939	4.509091	0.436364
313.837534	0.654545	-0.351515	-0.406061	4.509091	-0.563636
314.616868	0.654545	-2.351515	1.593939	2.509091	3.436364
315.396125	-1.345455	3.648485	-0.406061	1.509091	-0.563636
316.175306	0.654545	3.648485	2.593939	5.509091	2.436364
316.954411	5.654545	7.648485	4.593939	1.509091	2.436364
317.733440	2.654545	2.648485	2.593939	-0.490909	-0.563636
318.512392	2.654545	3.648485	6.593939	0.509091	-0.563636
319.291269	-0.345455	1.648485	3.593939	6.509091	2.436364
320.070070	-1.345455	1.648485	0.593939	4.509091	1.436364
320.848794	-0.345455	3.648485	-1.406061	3.509091	4.436364
321.627443	-2.345455	3.648485	-2.406061	7.509091	4.436364
322.406016	1.654545	1.648485	-0.406061	6.509091	2.436364
323.184512	2.654545	4.648485	1.593939	-4.490909	4.436364
323.962932	3.654545	0.648485	2.593939	1.509091	-0.563636
324.741277	0.654545	4.648485	4.593939	8.509091	-2.563636
325.519545	2.654545	4.648485	4.593939	3.509091	5.436364
326.297737	8.654545	8.648485	5.593939	3.509091	4.436364
327.075853	-1.345455	3.648485	-2.406061	3.509091	2.436364
327.853893	3.654545	0.648485	-0.406061	7.509091	3.436364
328.631857	-3.345455	1.648485	1.593939	1.509091	-2.563636
329.409745	5.654545	7.648485	-0.406061	4.509091	2.436364
330.187557	1.654545	3.648485	4.593939	0.509091	-1.563636
330.965293	0.654545	1.648485	0.593939	3.509091	5.436364
331.742953	2.654545	4.648485	10.593939	3.509091	0.436364
332.520536	2.654545	2.648485	3.593939	-1.490909	3.436364
333.298044	3.654545	7.648485	4.593939	2.509091	-2.563636
334.075475	1.654545	3.648485	-0.406061	4.509091	-0.563636
334.852831	2.654545	-0.351515	1.593939	-1.490909	0.436364
335.630110	1.654545	-1.351515	-4.406061	0.509091	-0.563636
336.407314	0.654545	0.648485	-1.406061	3.509091	-0.563636
337.184441	1.654545	2.648485	-0.406061	3.509091	4.436364
337.961492	-0.345455	1.648485	-0.406061	2.509091	1.436364
338.738467	-2.345455	4.648485	0.593939	-2.490909	5.436364
339.515366	4.654545	2.648485	4.593939	5.509091	3.436364
340.292189	2.654545	2.648485	6.593939	1.509091	6.436364
341.068936	4.654545	-0.351515	3.593939	4.509091	5.436364
341.845607	4.654545	1.648485	5.593939	0.509091	0.436364
342.622202	6.654545	2.648485	1.593939	7.509091	4.436364
343.398721	5.654545	0.648485	3.593939	8.509091	1.436364
344.175164	6.654545	5.648485	2.593939	4.509091	1.436364
344.951530	3.654545	3.648485	2.593939	2.509091	1.436364
345.727821	11.654545	5.648485	1.593939	6.509091	1.436364
346.504035	6.654545	1.648485	5.593939	-5.490909	0.436364
347.280174	7.654545	2.648485	4.593939	0.509091	3.436364
348.056236	5.654545	5.648485	6.593939	3.509091	1.436364
348.832223	1.654545	1.648485	2.593939	-0.490909	4.436364
349.608133	4.654545	1.648485	5.593939	3.509091	8.436364
350.383967	5.654545	11.648485	12.593939	12.509091	1.436364
351.159725	1.654545	5.648485	1.593939	3.509091	5.436364
351.935407	7.654545	-0.351515	3.593939	-0.490909	3.436364
352.711013	7.654545	5.648485	5.593939	2.509091	2.436364
353.486543	6.654545	3.648485	4.593939	2.509091	-0.563636
354.261997	4.654545	2.648485	5.593939	1.509091	-1.563636
355.037375	3.654545	2.648485	0.593939	-0.490909	3.436364
355.812677	3.654545	3.648485	1.593939	-2.490909	3.436364
356.587902	4.654545	3.648485	8.593939	4.509091	2.436364
357.363052	4.654545	5.648485	10.593939	4.509091	5.436364
358.138125	1.654545	5.648485	7.593939	6.509091	3.436364
358.913123	7.654545	3.648485	4.593939	4.509091	8.436364
359.688044	7.654545	3.648485	5.593939	5.509091	4.436364
360.462890	-1.345455	-0.351515	3.593939	2.509091	-2.563636
361.237659	11.654545	7.648485	9.593939	6.509091	1.436364
362.012352	9.654545	5.648485	11.593939	8.509091	9.436364
362.786969	6.654545	3.648485	2.593939	1.509091	9.436364
363.561511	17.654545	17.648485	11.593939	9.509091	8.436364
364.335976	9.654545	4.648485	6.593939	7.509091	0.436364
365.110365	9.654545	0.648485	4.593939	2.509091	7.436364
365.884677	4.654545	6.648485	9.593939	5.509091	7.436364
366.658914	1.654545	2.648485	9.593939	4.509091	7.436364
367.433075	2.654545	2.648485	2.593939	1.509091	4.436364
368.207160	5.654545	6.648485	3.593939	1.509091	6.436364
368.981168	6.654545	1.648485	0.593939	3.509091	7.436364
369.755101	6.654545	5.648485	3.593939	6.509091	4.436364
370.528958	2.654545	-0.351515	3.593939	4.509091	4.436364
371.302738	5.654545	8.648485	7.593939	3.509091	3.436364
372.076442	1.654545	6.648485	2.593939	0.509091	0.436364
372.850071	-2.345455	6.648485	4.593939	7.509091	2.436364
373.623623	-0.345455	3.648485	2.593939	6.509091	1.436364
374.397099	3.654545	9.648485	9.593939	3.509091	4.436364
375.170499	6.654545	5.648485	3.593939	6.509091	9.436364
375.943823	4.654545	2.648485	0.593939	8.509091	2.436364
376.717072	1.654545	1.648485	-2.406061	0.509091	1.436364
377.490243	4.654545	2.648485	1.593939	0.509091	3.436364
378.263339	5.654545	7.648485	3.593939	5.509091	7.436364
379.036359	7.654545	1.648485	3.593939	5.509091	5.436364
379.809303	6.654545	3.648485	2.593939	4.509091	4.436364
380.582171	5.654545	5.648485	3.593939	5.509091	3.436364
381.354962	6.654545	3.648485	7.593939	6.509091	11.436364
382.127678	4.654545	7.648485	8.593939	3.509091	0.436364
382.900317	1.654545	3.648485	2.593939	5.509091	0.436364
383.672881	5.654545	4.648485	4.593939	0.509091	2.436364
384.445368	9.654545	4.648485	2.593939	9.509091	4.436364
385.217779	11.654545	6.648485	7.593939	1.509091	8.436364
385.990115	8.654545	9.648485	2.593939	5.509091	5.436364
386.762374	6.654545	8.648485	7.593939	1.509091	9.436364
387.534557	4.654545	8.648485	7.593939	6.509091	10.436364
388.306664	7.654545	4.648485	13.593939	4.509091	9.436364
389.078695	12.654545	12.648485	10.593939	12.509091	5.436364
389.850650	5.654545	8.648485	5.593939	3.509091	7.436364
390.622529	9.654545	6.648485	5.593939	6.509091	4.436364
391.394332	4.654545	5.648485	3.593939	9.509091	-1.563636
392.166058	6.654545	9.648485	3.593939	11.509091	5.436364
392.937709	5.654545	8.648485	9.593939	9.509091	4.436364
393.709284	8.654545	9.648485	8.593939	7.509091	10.436364
394.480782	9.654545	5.648485	4.593939	5.509091	11.436364
395.252205	7.654545	5.648485	3.593939	4.509091	6.436364
396.023551	3.654545	3.648485	4.593939	3.509091	8.436364
396.794821	5.654545	0.648485	4.593939	3.509091	4.436364
397.566016	10.654545	10.648485	8.593939	2.509091	8.436364
398.337134	5.654545	4.648485	4.593939	5.509091	4.436364
399.108176	3.654545	4.648485	0.593939	3.509091	6.436364
399.879142	4.654545	4.648485	12.593939	1.509091	5.436364
400.650032	7.654545	2.648485	7.593939	4.509091	5.436364
401.420846	5.654545	3.648485	0.593939	3.509091	5.436364
402.191584	5.654545	9.648485	9.593939	6.509091	0.436364
402.962246	9.654545	2.648485	5.593939	10.509091	1.436364
403.732832	12.654545	17.648485	18.593939	14.509091	15.436364
404.503341	5.654545	3.648485	8.593939	5.509091	6.436364
405.273775	13.654545	5.648485	11.593939	4.509091	5.436364
406.044132	6.654545	7.648485	1.593939	0.509091	3.436364
406.814414	6.654545	7.648485	2.593939	8.509091	3.436364
407.584619	8.654545	1.648485	2.593939	4.509091	3.436364
408.354749	9.654545	-0.351515	12.593939	6.509091	6.436364
409.124802	7.654545	1.648485	10.593939	9.509091	7.436364
409.894779	9.654545	2.648485	5.593939	6.509091	8.436364
410.664681	12.654545	7.648485	3.593939	7.509091	2.436364
411.434506	5.654545	1.648485	3.593939	3.509091	3.436364
412.204255	4.654545	4.648485	6.593939	4.509091	3.436364
412.973928	-1.345455	7.648485	9.593939	2.509091	3.436364
413.743525	9.654545	10.648485	10.593939	9.509091	9.436364
414.513045	4.654545	11.648485	13.593939	3.509091	7.436364
415.282490	5.654545	5.648485	8.593939	9.509091	10.436364
416.051859	11.654545	8.648485	9.593939	5.509091	10.436364
416.821152	8.654545	9.648485	10.593939	7.509091	7.436364
417.590368	9.654545	12.648485	12.593939	8.509091	9.436364
418.359509	3.654545	9.648485	12.593939	15.509091	5.436364
419.128573	9.654545	6.648485	4.593939	13.509091	7.436364
419.897562	13.654545	13.648485	9.593939	13.509091	7.436364
420.666474	17.654545	14.648485	12.593939	11.509091	13.436364
421.435310	14.654545	13.648485	13.593939	15.509091	15.436364
422.204071	15.654545	17.648485	13.593939	11.509091	12.436364
422.972755	18.654545	20.648485	18.593939	18.509091	18.436364
423.741363	12.654545	20.648485	21.593939	20.509091	20.436364
424.509895	27.654545	20.648485	23.593939	22.509091	19.436364
425.278351	23.654545	25.648485	24.593939	27.509091	23.436364
426.046731	32.654545	29.648485	25.593939	20.509091	22.436364
426.815035	41.654545	41.648485	40.593939	37.509091	43.436364
427.583262	33.654545	39.648485	38.593939	36.509091	28.436364
428.351414	39.654545	44.648485	42.593939	39.509091	34.436364
429.119490	54.654545	52.648485	46.593939	42.509091	49.436364
429.887489	48.654545	52.648485	58.593939	52.509091	49.436364
430.655413	69.654545	65.648485	56.593939	59.509091	56.436364
431.423260	69.654545	67.648485	69.593939	66.509091	53.436364
432.191032	81.654545	83.648485	75.593939	70.509091	74.436364
432.958727	85.654545	88.648485	87.593939	90.509091	78.436364
433.726346	107.654545	104.648485	104.593939	99.509091	93.436364
434.493889	112.654545	113.648485	118.593939	107.509091	106.436364
435.261357	128.654545	129.648485	131.593939	123.509091	117.436364
436.028748	147.654545	150.648485	142.593939	132.509091	132.436364
436.796063	170.654545	168.648485	162.593939	155.509091	142.436364
437.563302	187.654545	190.648485	182.593939	177.509091	159.436364
438.330465	207.654545	217.648485	202.593939	196.509091	193.436364
439.097551	236.654545	223.648485	232.593939	220.509091	205.436364
439.864562	241.654545	252.648485	240.593939	235.509091	222.436364
440.631497	287.654545	287.648485	284.593939	270.509091	255.436364
441.398355	309.654545	319.648485	303.593939	291.509091	274.436364
442.165138	342.654545	341.648485	338.593939	313.509091	303.436364
442.931844	378.654545	375.648485	373.593939	350.509091	334.436364
443.698475	411.654545	419.648485	408.593939	384.509091	364.436364
444.465029	458.654545	445.648485	454.593939	419.509091	412.436364
445.231508	491.654545	509.648485	482.593939	474.509091	446.436364
445.997910	541.654545	532.648485	536.593939	507.509091	470.436364
446.764236	597.654545	585.648485	584.593939	546.509091	524.436364
447.530486	651.654545	669.648485	658.593939	622.509091	585.436364
448.296660	709.654545	722.648485	712.593939	681.509091	642.436364
449.062758	774.654545	787.648485	762.593939	748.509091	697.436364
449.828780	829.654545	839.648485	818.593939	772.509091	745.436364
450.594726	902.654545	917.648485	882.593939	835.509091	798.436364
451.360596	983.654545	985.648485	951.593939	929.509091	855.436364
452.126389	1050.654545	1071.648485	1040.593939	998.509091	932.436364
452.892107	1129.654545	1114.648485	1098.593939	1044.509091	974.436364
453.657749	1142.654545	1156.648485	1103.593939	1055.509091	1015.436364
454.423314	1288.654545	1302.648485	1262.593939	1208.509091	1131.436364
455.188804	1272.654545	1290.648485	1256.593939	1197.509091	1163.436364
455.954217	1370.654545	1386.648485	1354.593939	1284.509091	1223.436364
456.719554	1436.654545	1451.648485	1413.593939	1327.509091	1289.436364
457.484816	1471.654545	1459.648485	1449.593939	1374.509091	1298.436364
458.250001	1489.654545	1495.648485	1484.593939	1393.509091	1320.436364
459.015110	1559.654545	1584.648485	1537.593939	1445.509091	1374.436364
459.780143	1522.654545	1566.648485	1521.593939	1433.509091	1367.436364
460.545100	1448.654545	1472.648485	1429.593939	1359.509091	1308.436364
461.309981	1494.654545	1498.648485	1458.593939	1363.509091	1327.436364
462.074786	1446.654545	1470.648485	1441.593939	1378.509091	1304.436364
462.839515	1456.654545	1459.648485	1436.593939	1354.509091	1281.436364
463.604167	1337.654545	1371.648485	1340.593939	1267.509091	1198.436364
464.368744	1313.654545	1363.648485	1302.593939	1239.509091	1191.436364
465.133245	1257.654545	1276.648485	1240.593939	1192.509091	1126.436364
465.897669	1203.654545	1224.648485	1217.593939	1152.509091	1074.436364
466.662018	1120.654545	1137.648485	1109.593939	1056.509091	1018.436364
467.426290	1048.654545	1068.648485	1043.593939	1000.509091	943.436364
468.190487	981.654545	994.648485	962.593939	891.509091	850.436364
468.954607	914.654545	924.648485	920.593939	853.509091	828.436364
469.718651	844.654545	841.648485	829.593939	784.509091	743.436364
470.482619	800.654545	818.648485	790.593939	734.509091	709.436364
471.246511	741.654545	749.648485	741.593939	701.509091	681.436364
472.010328	678.654545	727.648485	677.593939	647.509091	612.436364
472.774068	623.654545	626.648485	610.593939	591.509091	568.436364
473.537731	603.654545	620.648485	606.593939	566.509091	543.436364
474.301319	546.654545	547.648485	541.593939	506.509091	485.436364
475.064831	514.654545	526.648485	498.593939	481.509091	471.436364
475.828267	489.654545	492.648485	485.593939	457.509091	432.436364
476.591627	441.654545	462.648485	449.593939	415.509091	410.436364
477.354910	434.654545	428.648485	419.593939	389.509091	376.436364
478.118118	379.654545	387.648485	378.593939	359.509091	359.436364
478.881249	380.654545	375.648485	370.593939	335.509091	317.436364
479.644305	343.654545	353.648485	351.593939	323.509091	321.436364
480.407284	322.654545	328.648485	322.593939	301.509091	286.436364
481.170187	308.654545	309.648485	297.593939	281.509091	267.436364
481.933014	282.654545	289.648485	266.593939	268.509091	248.436364
482.695766	254.654545	261.648485	250.593939	250.509091	240.436364
483.458441	238.654545	249.648485	238.593939	233.509091	212.436364
484.221040	228.654545	227.648485	215.593939	201.509091	202.436364
484.983563	213.654545	215.648485	212.593939	193.509091	180.436364
485.746010	195.654545	194.648485	187.593939	173.509091	174.436364
486.508380	185.654545	190.648485	182.593939	162.509091	160.436364
487.270675	170.654545	171.648485	160.593939	153.509091	143.436364
488.032894	154.654545	151.648485	151.593939	143.509091	132.436364
488.795036	140.654545	143.648485	145.593939	132.509091	124.436364
489.557103	136.654545	132.648485	135.593939	124.509091	123.436364
490.319094	125.654545	126.648485	130.593939	119.509091	116.436364
491.081008	119.654545	125.648485	111.593939	104.509091	100.436364
491.842846	109.654545	114.648485	111.593939	105.509091	97.436364
492.604609	105.654545	106.648485	102.593939	98.509091	83.436364
493.366295	90.654545	92.648485	88.593939	94.509091	88.436364
494.127905	86.654545	91.648485	81.593939	78.509091	75.436364
494.889439	82.654545	83.648485	88.593939	71.509091	68.436364
495.650897	78.654545	74.648485	79.593939	68.509091	67.436364
496.412279	65.654545	77.648485	74.593939	69.509091	63.436364
497.173585	62.654545	67.648485	63.593939	68.509091	63.436364
497.934815	65.654545	61.648485	61.593939	65.509091	53.436364
498.695969	60.654545	58.648485	51.593939	55.509091	50.436364
499.457047	53.654545	64.648485	58.593939	48.509091	48.436364
500.218048	49.654545	49.648485	50.593939	47.509091	41.436364
500.978974	50.654545	50.648485	45.593939	47.509091	44.436364
501.739824	48.654545	45.648485	54.593939	45.509091	35.436364
502.500597	39.654545	46.648485	42.593939	38.509091	37.436364
503.261294	40.654545	39.648485	37.593939	40.509091	37.436364
504.021916	44.654545	38.648485	48.593939	40.509091	40.436364
504.782461	40.654545	34.648485	35.593939	39.509091	31.436364
505.542930	34.654545	30.648485	31.593939	32.509091	29.436364
506.303323	40.654545	34.648485	32.593939	32.509091	31.436364
507.063641	28.654545	34.648485	28.593939	26.509091	25.436364
507.823882	35.654545	29.648485	33.593939	32.509091	29.436364
508.584047	31.654545	28.648485	29.593939	31.509091	30.436364
509.344135	34.654545	29.648485	30.593939	27.509091	33.436364
510.104148	24.654545	28.648485	31.593939	26.509091	29.436364
510.864085	29.654545	33.648485	28.593939	28.509091	36.436364
511.623946	27.654545	27.648485	27.593939	31.509091	23.436364
512.383730	28.654545	25.648485	23.593939	27.509091	25.436364
513.143439	22.654545	29.648485	30.593939	31.509091	28.436364
513.903072	26.654545	22.648485	23.593939	21.509091	26.436364
514.662628	25.654545	24.648485	24.593939	29.509091	28.436364
515.422108	26.654545	26.648485	24.593939	24.509091	30.436364
516.181513	25.654545	22.648485	27.593939	21.509091	28.436364
516.940841	20.654545	33.648485	21.593939	25.509091	25.436364
517.700093	24.654545	19.648485	24.593939	28.509091	22.436364
518.459269	20.654545	20.648485	20.593939	27.509091	15.436364
519.218369	23.654545	19.648485	24.593939	18.509091	20.436364
519.977393	21.654545	22.648485	23.593939	27.509091	23.436364
520.736341	21.654545	31.648485	23.593939	27.509091	19.436364
521.495213	22.654545	24.648485	22.593939	17.509091	17.436364
522.254009	20.654545	20.648485	19.593939	16.509091	21.436364
523.012729	18.654545	22.648485	23.593939	20.509091	23.436364
523.771372	20.654545	21.648485	21.593939	21.509091	18.436364
524.529940	19.654545	22.648485	18.593939	19.509091	17.436364
525.288432	23.654545	19.648485	18.593939	20.509091	19.436364
526.046847	21.654545	23.648485	19.593939	19.509091	17.436364
526.805187	21.654545	19.648485	13.593939	19.509091	20.436364
527.563450	19.654545	22.648485	15.593939	21.509091	20.436364
528.321637	28.654545	19.648485	20.593939	17.509091	25.436364
529.079748	18.654545	19.648485	17.593939	18.509091	18.436364
529.837784	15.654545	17.648485	19.593939	20.509091	21.436364
530.595743	15.654545	21.648485	13.593939	16.509091	14.436364
531.353626	21.654545	28.648485	25.593939	23.509091	18.436364
532.111433	22.654545	21.648485	22.593939	17.509091	12.436364
532.869164	17.654545	21.648485	23.593939	20.509091	16.436364
533.626819	11.654545	16.648485	14.593939	18.509091	21.436364
534.384397	20.654545	15.648485	23.593939	17.509091	18.436364
535.141900	20.654545	19.648485	18.593939	17.509091	20.436364
535.899327	12.654545	15.648485	13.593939	14.509091	15.436364
536.656677	16.654545	13.648485	17.593939	14.509091	19.436364
537.413952	15.654545	19.648485	23.593939	21.509091	19.436364
538.171150	10.654545	16.648485	15.593939	14.509091	18.436364
538.928273	12.654545	15.648485	16.593939	17.509091	14.436364
539.685319	17.654545	10.648485	18.593939	19.509091	10.436364
540.442289	19.654545	17.648485	13.593939	12.509091	17.436364
541.199184	19.654545	9.648485	17.593939	19.509091	18.436364
541.956002	18.654545	17.648485	13.593939	19.509091	13.436364
542.712744	16.654545	18.648485	16.593939	14.509091	20.436364
543.469410	20.654545	14.648485	11.593939	17.509091	13.436364
544.226000	11.654545	17.648485	16.593939	15.509091	17.436364
544.982514	13.654545	19.648485	16.593939	15.509091	19.436364
545.738951	13.654545	16.648485	18.593939	12.509091	15.436364
546.495313	17.654545	12.648485	13.593939	11.509091	15.436364
547.251599	20.654545	16.648485	11.593939	9.509091	15.436364
548.007809	14.654545	16.648485	18.593939	14.509091	12.436364
548.763942	15.654545	15.648485	19.593939	14.509091	17.436364
549.520000	14.654545	18.648485	14.593939	16.509091	11.436364
550.275981	13.654545	19.648485	17.593939	15.509091	16.436364
551.031886	15.654545	18.648485	17.593939	18.509091	9.436364
551.787716	6.654545	11.648485	11.593939	14.509091	13.436364
552.543469	14.654545	11.648485	18.593939	17.509091	17.436364
553.299146	15.654545	11.648485	20.593939	21.509091	16.436364
554.054747	19.654545	23.648485	11.593939	12.509091	12.436364
554.810272	14.654545	16.648485	14.593939	17.509091	17.436364
555.565721	20.654545	13.648485	16.593939	14.509091	11.436364
556.321094	19.654545	15.648485	16.593939	14.509091	20.436364
557.076391	17.654545	16.648485	15.593939	15.509091	14.436364
557.831612	16.654545	16.648485	17.593939	16.509091	14.436364
558.586757	9.654545	16.648485	15.593939	12.509091	15.436364
559.341825	23.654545	16.648485	17.593939	17.509091	15.436364
560.096818	16.654545	14.648485	13.593939	11.509091	11.436364
560.851734	21.654545	20.648485	14.593939	10.509091	18.436364
561.606575	16.654545	14.648485	17.593939	15.509091	16.436364
562.361339	17.654545	20.648485	19.593939	21.509091	13.436364
563.116028	19.654545	15.648485	18.593939	17.509091	18.436364
563.870640	17.654545	14.648485	17.593939	12.509091	17.436364
564.625176	22.654545	21.648485	18.593939	22.509091	21.436364
565.379636	13.654545	15.648485	17.593939	14.509091	15.436364
566.134020	19.654545	18.648485	22.593939	27.509091	20.436364
566.888328	20.654545	22.648485	21.593939	24.509091	16.436364
567.642560	13.654545	16.648485	13.593939	15.509091	19.436364
568.396716	18.654545	17.648485	15.593939	17.509091	15.436364
569.150796	19.654545	17.648485	23.593939	20.509091	22.436364
569.904800	23.654545	23.648485	16.593939	15.509091	19.436364
570.658728	24.654545	23.648485	17.593939	22.509091	21.436364
571.412579	28.654545	28.648485	20.593939	22.509091	22.436364
572.166355	25.654545	25.648485	20.593939	23.509091	22.436364
572.920054	21.654545	17.648485	20.593939	21.509091	22.436364
573.673678	27.654545	29.648485	28.593939	25.509091	28.436364
574.427225	22.654545	25.648485	25.593939	22.509091	21.436364
575.180697	21.654545	25.648485	24.593939	22.509091	22.436364
575.934092	20.654545	27.648485	18.593939	29.509091	26.436364
576.687411	28.654545	24.648485	28.593939	23.509091	23.436364
577.440654	36.654545	27.648485	26.593939	22.509091	30.436364
578.193821	30.654545	30.648485	29.593939	29.509091	32.436364
578.946912	30.654545	36.648485	33.593939	34.509091	33.436364
579.699927	34.654545	38.648485	28.593939	34.509091	27.436364
580.452866	37.654545	35.648485	35.593939	32.509091	32.436364
581.205729	42.654545	40.648485	43.593939	41.509091	39.436364
581.958516	43.654545	46.648485	48.593939	51.509091	45.436364
582.711226	37.654545	39.648485	37.593939	38.509091	41.436364
583.463861	46.654545	47.648485	44.593939	42.509091	39.436364
584.216419	50.654545	47.648485	40.593939	54.509091	39.436364
584.968902	50.654545	52.648485	61.593939	40.509091	51.436364
585.721308	52.654545	54.648485	50.593939	50.509091	49.436364
586.473639	58.654545	56.648485	56.593939	50.509091	55.436364
587.225893	61.654545	59.648485	58.593939	58.509091	61.436364
587.978071	69.654545	65.648485	66.593939	63.509091	61.436364
588.730173	69.654545	75.648485	72.593939	69.509091	62.436364
589.482199	74.654545	77.648485	70.593939	68.509091	74.436364
590.234149	77.654545	76.648485	76.593939	75.509091	73.436364
590.986023	84.654545	89.648485	75.593939	88.509091	81.436364
591.737821	99.654545	91.648485	95.593939	96.509091	85.436364
592.489543	100.654545	98.648485	99.593939	93.509091	88.436364
593.241189	106.654545	102.648485	111.593939	102.509091	99.436364
593.992759	108.654545	110.648485	117.593939	107.509091	106.436364
594.744252	124.654545	129.648485	126.593939	123.509091	116.436364
595.495670	134.654545	132.648485	132.593939	130.509091	132.436364
596.247011	148.654545	145.648485	144.593939	144.509091	136.436364
596.998277	164.654545	163.648485	158.593939	160.509091	156.436364
597.749466	176.654545	175.648485	183.593939	168.509091	158.436364
598.500580	191.654545	201.648485	189.593939	181.509091	176.436364
599.251617	221.654545	219.648485	219.593939	211.509091	198.436364
600.002578	242.654545	241.648485	228.593939	226.509091	226.436364
600.753463	267.654545	270.648485	259.593939	252.509091	242.436364
601.504272	291.654545	292.648485	293.593939	288.509091	270.436364
602.255005	320.654545	333.648485	337.593939	323.509091	296.436364
603.005662	371.654545	376.648485	363.593939	363.509091	335.436364
603.756243	415.654545	408.648485	414.593939	401.509091	378.436364
604.506748	456.654545	472.648485	471.593939	438.509091	429.436364
605.257177	527.654545	535.648485	517.593939	471.509091	469.436364
606.007529	595.654545	586.648485	586.593939	548.509091	538.436364
606.757806	663.654545	675.648485	658.593939	633.509091	601.436364
607.508007	738.654545	770.648485	720.593939	700.509091	680.436364
608.258131	833.654545	827.648485	826.593939	804.509091	740.436364
609.008180	918.654545	942.648485	917.593939	876.509091	831.436364
609.758152	1017.654545	1039.648485	1012.593939	984.509091	926.436364
610.508048	1139.654545	1150.648485	1120.593939	1057.509091	1008.436364
611.257868	1230.654545	1282.648485	1249.593939	1178.509091	1110.436364
612.007613	1365.654545	1378.648485	1334.593939	1282.509091	1233.436364
612.757281	1485.654545	1458.648485	1460.593939	1404.509091	1343.436364
613.506873	1564.654545	1600.648485	1553.593939	1483.509091	1422.436364
614.256389	1710.654545	1720.648485	1703.593939	1592.509091	1547.436364
615.005829	1808.654545	1816.648485	1788.593939	1706.509091	1671.436364
615.755193	1904.654545	1934.648485	1909.593939	1817.509091	1757.436364
616.504480	2025.654545	2030.648485	1994.593939	1930.509091	1825.436364
617.253692	2134.654545	2158.648485	2140.593939	2019.509091	1931.436364
618.002828	2188.654545	2246.648485	2202.593939	2093.509091	1990.436364
618.751887	2289.654545	2299.648485	2270.593939	2164.509091	2081.436364
619.500871	2373.654545	2401.648485	2332.593939	2243.509091	2169.436364
620.249778	2419.654545	2432.648485	2390.593939	2302.509091	2205.436364
620.998610	2506.654545	2511.648485	2481.593939	2358.509091	2265.436364
621.747365	2558.654545	2576.648485	2504.593939	2427.509091	2341.436364
622.496044	2588.654545	2600.648485	2578.593939	2474.509091	2360.436364
623.244648	2614.654545	2598.648485	2590.593939	2448.509091	2350.436364
623.993175	2652.654545	2662.648485	2625.593939	2503.509091	2421.436364
624.741626	2629.654545	2665.648485	2638.593939	2527.509091	2408.436364
625.490001	2661.654545	2674.648485	2645.593939	2532.509091	2445.436364
626.238300	2657.654545	2677.648485	2641.593939	2518.509091	2406.436364
626.986523	2675.654545	2664.648485	2651.593939	2541.509091	2450.436364
627.734669	2658.654545	2680.648485	2648.593939	2522.509091	2418.436364
628.482740	2637.654545	2684.648485	2621.593939	2489.509091	2406.436364
629.230735	2618.654545	2631.648485	2609.593939	2459.509091	2393.436364
629.978654	2573.654545	2584.648485	2556.593939	2454.509091	2384.436364
630.726496	2567.654545	2617.648485	2554.593939	2449.509091	2368.436364
631.474263	2567.654545	2583.648485	2558.593939	2443.509091	2322.436364
632.221953	2526.654545	2553.648485	2497.593939	2387.509091	2296.436364
632.969567	2479.654545	2524.648485	2482.593939	2366.509091	2291.436364
633.717106	2462.654545	2497.648485	2461.593939	2321.509091	2256.436364
634.464568	2424.654545	2448.648485	2419.593939	2298.509091	2228.436364
635.211954	2384.654545	2398.648485	2387.593939	2282.509091	2188.436364
635.959264	2368.654545	2393.648485	2356.593939	2260.509091	2159.436364
636.706498	2312.654545	2342.648485	2324.593939	2187.509091	2108.436364
637.453656	2299.654545	2343.648485	2288.593939	2218.509091	2103.436364
638.200738	2249.654545	2294.648485	2241.593939	2131.509091	2088.436364
638.947744	2260.654545	2258.648485	2193.593939	2109.509091	2032.436364
639.694674	2179.654545	2183.648485	2164.593939	2079.509091	2000.436364
640.441528	2162.654545	2174.648485	2128.593939	2028.509091	1968.436364
641.188305	2126.654545	2161.648485	2107.593939	2010.509091	1938.436364
641.935007	2084.654545	2119.648485	2071.593939	2012.509091	1900.436364
642.681633	2079.654545	2088.648485	2059.593939	1950.509091	1861.436364
643.428182	2010.654545	2066.648485	2010.593939	1902.509091	1845.436364
644.174655	1988.654545	2013.648485	1971.593939	1885.509091	1811.436364
644.921053	1942.654545	1983.648485	1946.593939	1852.509091	1787.436364
645.667374	1908.654545	1934.648485	1908.593939	1833.509091	1755.436364
646.413619	1897.654545	1883.648485	1877.593939	1785.509091	1732.436364
647.159788	1832.654545	1866.648485	1854.593939	1747.509091	1723.436364
647.905882	1811.654545	1856.648485	1811.593939	1724.509091	1659.436364
648.651899	1792.654545	1808.648485	1752.593939	1689.509091	1652.436364
649.397840	1764.654545	1784.648485	1761.593939	1662.509091	1610.436364
650.143704	1700.654545	1739.648485	1698.593939	1609.509091	1584.436364
650.889493	1691.654545	1686.648485	1676.593939	1589.509091	1543.436364
651.635206	1671.654545	1677.648485	1615.593939	1565.509091	1501.436364
652.380843	1610.654545	1634.648485	1614.593939	1539.509091	1479.436364
653.126403	1590.654545	1608.648485	1559.593939	1517.509091	1455.436364
653.871888	1541.654545	1562.648485	1529.593939	1466.509091	1397.436364
654.617296	1519.654545	1561.648485	1520.593939	1453.509091	1393.436364
655.362629	1479.654545	1505.648485	1495.593939	1409.509091	1327.436364
656.107885	1451.654545	1486.648485	1446.593939	1375.509091	1331.436364
656.853066	1437.654545	1445.648485	1422.593939	1353.509091	1295.436364
657.598170	1375.654545	1410.648485	1395.593939	1306.509091	1273.436364
658.343198	1357.654545	1388.648485	1344.593939	1300.509091	1231.436364
659.088150	1330.654545	1348.648485	1336.593939	1264.509091	1218.436364
659.833026	1290.654545	1306.648485	1285.593939	1217.509091	1174.436364
660.577826	1272.654545	1275.648485	1242.593939	1213.509091	1141.436364
661.322550	1234.654545	1242.648485	1214.593939	1179.509091	1119.436364
662.067198	1203.654545	1212.648485	1176.593939	1124.509091	1088.436364
662.811770	1191.654545	1201.648485	1156.593939	1133.509091	1076.436364
663.556266	1134.654545	1156.648485	1130.593939	1075.509091	1047.436364
664.300685	1121.654545	1110.648485	1096.593939	1070.509091	989.436364
665.045029	1078.654545	1103.648485	1085.593939	1030.509091	975.436364
665.789297	1059.654545	1067.648485	1043.593939	987.509091	952.436364
666.533488	1023.654545	1033.648485	1015.593939	981.509091	927.436364
667.277603	997.654545	1014.648485	978.593939	936.509091	908.436364
668.021643	963.654545	991.648485	977.593939	920.509091	868.436364
668.765606	935.654545	948.648485	929.593939	889.509091	865.436364
669.509493	900.654545	897.648485	899.593939	870.509091	838.436364
670.253304	878.654545	887.648485	876.593939	844.509091	801.436364
670.997040	881.654545	864.648485	853.593939	820.509091	802.436364
671.740699	832.654545	837.648485	819.593939	792.509091	769.436364
672.484282	820.654545	830.648485	817.593939	761.509091	743.436364
673.227789	782.654545	794.648485	758.593939	731.509091	699.436364
673.971219	754.654545	769.648485	759.593939	709.509091	692.436364
674.714574	743.654545	759.648485	746.593939	702.509091	676.436364
675.457853	724.654545	738.648485	727.593939	673.509091	652.436364
676.201056	698.654545	723.648485	702.593939	664.509091	637.436364
676.944182	686.654545	691.648485	697.593939	655.509091	629.436364
677.687233	650.654545	660.648485	665.593939	631.509091	598.436364
678.430207	637.654545	651.648485	636.593939	609.509091	587.436364
679.173105	626.654545	634.648485	613.593939	588.509091	576.436364
679.915928	623.654545	609.648485	599.593939	580.509091	554.436364
680.658674	583.654545	594.648485	584.593939	554.509091	554.436364
681.401344	571.654545	574.648485	565.593939	549.509091	522.436364
682.143938	559.654545	554.648485	549.593939	521.509091	501.436364
682.886457	534.654545	545.648485	518.593939	513.509091	503.436364
683.628899	521.654545	535.648485	523.593939	491.509091	475.436364
684.371264	508.654545	512.648485	492.593939	488.509091	478.436364
685.113554	491.654545	488.648485	485.593939	456.509091	443.436364
685.855768	483.654545	489.648485	467.593939	462.509091	441.436364
686.597906	464.654545	474.648485	478.593939	444.509091	418.436364
687.339968	461.654545	462.648485	451.593939	441.509091	413.436364
688.081953	443.654545	450.648485	439.593939	409.509091	402.436364
688.823863	433.654545	427.648485	431.593939	418.509091	405.436364
689.565696	408.654545	408.648485	418.593939	394.509091	389.436364
690.307454	404.654545	402.648485	401.593939	392.509091	370.436364
691.049135	403.654545	408.648485	401.593939	371.509091	350.436364
691.790740	388.654545	398.648485	388.593939	359.509091	357.436364
692.532270	379.654545	384.648485	377.593939	352.509091	351.436364
693.273723	379.654545	376.648485	374.593939	355.509091	340.436364
694.015100	357.654545	353.648485	350.593939	324.509091	322.436364
694.756401	350.654545	360.648485	342.593939	326.509091	316.436364
695.497626	347.654545	351.648485	341.593939	324.509091	317.436364
696.238775	330.654545	337.648485	338.593939	307.509091	309.436364
696.979848	327.654545	326.648485	323.593939	311.509091	289.436364
697.720845	318.654545	319.648485	319.593939	296.509091	275.436364
698.461765	303.654545	306.648485	298.593939	283.509091	271.436364
699.202610	300.654545	296.648485	290.593939	286.509091	268.436364
699.943379	290.654545	289.648485	275.593939	275.509091	251.436364
700.684071	290.654545	286.648485	277.593939	280.509091	257.436364
701.424688	268.654545	263.648485	276.593939	256.509091	246.436364
702.165228	274.654545	282.648485	269.593939	257.509091	243.436364
702.905692	263.654545	265.648485	253.593939	237.509091	239.436364
703.646081	262.654545	244.648485	242.593939	234.509091	229.436364
704.386393	245.654545	257.648485	250.593939	230.509091	230.436364
705.126629	241.654545	247.648485	240.593939	216.509091	221.436364
705.866789	231.654545	238.648485	234.593939	218.509091	212.436364
706.606873	228.654545	227.648485	216.593939	209.509091	211.436364
707.346881	222.654545	223.648485	225.593939	208.509091	200.436364
708.086813	213.654545	221.648485	216.593939	208.509091	203.436364
708.826669	209.654545	204.648485	217.593939	200.509091	194.436364
709.566448	203.654545	215.648485	214.593939	197.509091	192.436364
710.306152	204.654545	200.648485	200.593939	177.509091	189.436364
711.045780	190.654545	185.648485	187.593939	191.509091	168.436364
711.785331	196.654545	194.648485	187.593939	173.509091	179.436364
712.524807	189.654545	184.648485	182.593939	175.509091	174.436364
713.264206	174.654545	188.648485	171.593939	162.509091	163.436364
714.003530	188.654545	176.648485	177.593939	171.509091	172.436364
714.742777	165.654545	174.648485	168.593939	160.509091	163.436364
715.481948	164.654545	164.648485	155.593939	158.509091	151.436364
716.221043	161.654545	157.648485	161.593939	162.509091	152.436364
716.960063	153.654545	168.648485	158.593939	147.509091	143.436364
717.699006	153.654545	155.648485	144.593939	146.509091	129.436364
718.437873	150.654545	145.648485	149.593939	137.509091	135.436364
719.176664	150.654545	146.648485	140.593939	132.509091	137.436364
719.915378	144.654545	137.648485	140.593939	133.509091	124.436364
720.654017	143.654545	133.648485	136.593939	124.509091	124.436364
721.392580	133.654545	143.648485	131.593939	133.509091	125.436364
722.131067	134.654545	133.648485	125.593939	118.509091	116.436364
722.869477	117.654545	125.648485	133.593939	122.509091	120.436364
723.607812	126.654545	128.648485	123.593939	121.509091	117.436364
724.346070	127.654545	116.648485	115.593939	109.509091	106.436364
725.084253	117.654545	122.648485	106.593939	111.509091	106.436364
725.822359	104.654545	116.648485	110.593939	112.509091	101.436364
726.560389	110.654545	107.648485	112.593939	107.509091	100.436364
727.298344	107.654545	102.648485	105.593939	102.509091	100.436364
728.036222	101.654545	107.648485	106.593939	103.509091	98.436364
728.774024	101.654545	109.648485	101.593939	103.509091	97.436364
729.511750	88.654545	99.648485	94.593939	91.509091	91.436364
730.249400	94.654545	101.648485	103.593939	92.509091	82.436364
730.986974	91.654545	88.648485	90.593939	87.509091	86.436364
731.724472	93.654545	93.648485	95.593939	92.509091	86.436364
732.461893	75.654545	93.648485	87.593939	89.509091	81.436364
733.199239	89.654545	95.648485	93.593939	92.509091	83.436364
733.936509	92.654545	84.648485	83.593939	75.509091	76.436364
734.673702	79.654545	75.648485	87.593939	80.509091	71.436364
735.410820	77.654545	76.648485	83.593939	76.509091	75.436364
736.147861	82.654545	84.648485	74.593939	75.509091	68.436364
736.884827	64.654545	68.648485	75.593939	69.509091	70.436364
737.621716	70.654545	69.648485	76.593939	65.509091	69.436364
738.358529	73.654545	72.648485	65.593939	64.509091	65.436364
739.095266	67.654545	67.648485	69.593939	61.509091	66.436364
739.831928	64.654545	69.648485	68.593939	60.509091	62.436364
740.568513	66.654545	64.648485	70.593939	61.509091	60.436364
741.305022	58.654545	59.648485	66.593939	57.509091	51.436364
742.041455	61.654545	68.648485	59.593939	62.509091	63.436364
742.777811	60.654545	60.648485	58.593939	58.509091	49.436364
743.514092	55.654545	58.648485	56.593939	52.509091	52.436364
744.250297	57.654545	60.648485	56.593939	55.509091	54.436364
744.986426	56.654545	59.648485	53.593939	51.509091	60.436364
745.722478	52.654545	56.648485	55.593939	43.509091	45.436364
746.458455	50.654545	53.648485	57.593939	53.509091	41.436364
747.194355	47.654545	46.648485	50.593939	40.509091	43.436364
747.930180	46.654545	55.648485	50.593939	55.509091	50.436364
748.665928	40.654545	44.648485	43.593939	39.509091	42.436364
749.401600	48.654545	47.648485	42.593939	41.509091	43.436364
750.137197	43.654545	40.648485	43.593939	40.509091	44.436364
750.872717	40.654545	48.648485	47.593939	46.509091	44.436364
751.608161	48.654545	39.648485	44.593939	36.509091	40.436364
752.343529	43.654545	47.648485	36.593939	31.509091	35.436364
753.078821	36.654545	37.648485	36.593939	41.509091	42.436364
753.814037	39.654545	46.648485	40.593939	36.509091	40.436364
754.549177	36.654545	38.648485	37.593939	40.509091	35.436364
755.284241	33.654545	42.648485	32.593939	31.509091	37.436364
756.019228	37.654545	35.648485	39.593939	36.509091	31.436364
756.754140	34.654545	36.648485	33.593939	30.509091	31.436364
757.488976	30.654545	36.648485	31.593939	36.509091	32.436364
758.223735	30.654545	36.648485	28.593939	27.509091	25.436364
758.958418	29.654545	35.648485	29.593939	32.509091	27.436364
759.693026	36.654545	27.648485	29.593939	31.509091	22.436364
760.427557	24.654545	29.648485	31.593939	33.509091	36.436364
761.162012	28.654545	30.648485	28.593939	31.509091	24.436364
761.896392	33.654545	30.648485	27.593939	30.509091	30.436364
762.630695	33.654545	32.648485	32.593939	33.509091	30.436364
763.364922	57.654545	63.648485	62.593939	60.509091	57.436364
764.099073	28.654545	27.648485	27.593939	32.509091	25.436364
764.833148	26.654545	27.648485	28.593939	26.509091	31.436364
765.567147	22.654545	17.648485	26.593939	25.509091	22.436364
766.301070	25.654545	28.648485	16.593939	26.509091	22.436364
767.034916	29.654545	30.648485	23.593939	27.509091	20.436364
767.768687	21.654545	23.648485	24.593939	22.509091	21.436364
768.502382	24.654545	25.648485	22.593939	17.509091	21.436364
769.236000	19.654545	24.648485	21.593939	29.509091	22.436364
769.969543	28.654545	23.648485	25.593939	22.509091	17.436364
770.703009	20.654545	27.648485	26.593939	18.509091	21.436364
771.436400	24.654545	20.648485	23.593939	20.509091	23.436364
772.169714	24.654545	20.648485	18.593939	24.509091	21.436364
772.902952	23.654545	22.648485	23.593939	14.509091	18.436364
773.636114	21.654545	19.648485	16.593939	16.509091	20.436364
774.369200	24.654545	18.648485	20.593939	18.509091	23.436364
775.102210	18.654545	15.648485	17.593939	17.509091	18.436364
775.835144	22.654545	23.648485	20.593939	15.509091	14.436364
776.568002	17.654545	21.648485	21.593939	19.509091	17.436364
777.300784	25.654545	16.648485	21.593939	17.509091	11.436364
778.033490	15.654545	15.648485	17.593939	18.509091	18.436364
778.766120	18.654545	13.648485	16.593939	14.509091	19.436364
779.498673	17.654545	15.648485	18.593939	15.509091	17.436364
780.231151	19.654545	21.648485	16.593939	19.509091	18.436364
780.963553	15.654545	13.648485	16.593939	16.509091	12.436364
781.695878	13.654545	15.648485	15.593939	17.509091	15.436364
782.428127	19.654545	15.648485	13.593939	14.509091	10.436364
783.160301	15.654545	18.648485	15.593939	18.509091	14.436364
783.892398	18.654545	10.648485	11.593939	14.509091	15.436364
784.624419	11.654545	11.648485	11.593939	13.509091	9.436364
785.356364	18.654545	12.648485	14.593939	18.509091	13.436364
786.088234	12.654545	9.648485	11.593939	15.509091	19.436364
786.820027	17.654545	19.648485	17.593939	18.509091	18.436364
787.551743	9.654545	10.648485	11.593939	12.509091	16.436364
788.283384	12.654545	14.648485	7.593939	16.509091	10.436364
789.014949	10.654545	16.648485	9.593939	12.509091	12.436364
789.746438	15.654545	15.648485	12.593939	14.509091	22.436364
790.477851	9.654545	9.648485	13.593939	12.509091	13.436364
791.209187	11.654545	7.648485	13.593939	12.509091	9.436364
791.940448	13.654545	9.648485	7.593939	8.509091	12.436364
792.671632	11.654545	13.648485	6.593939	11.509091	9.436364
793.402741	9.654545	12.648485	9.593939	12.509091	13.436364
794.133773	10.654545	11.648485	15.593939	13.509091	14.436364
794.864730	11.654545	11.648485	11.593939	15.509091	10.436364
795.595610	8.654545	9.648485	9.593939	10.509091	12.436364
796.326414	12.654545	8.648485	7.593939	12.509091	9.436364
797.057142	14.654545	11.648485	9.593939	12.509091	11.436364
797.787794	15.654545	12.648485	12.593939	11.509091	11.436364
798.518370	9.654545	10.648485	8.593939	7.509091	6.436364
799.248870	9.654545	12.648485	14.593939	12.509091	11.436364
799.979294	9.654545	13.648485	12.593939	9.509091	15.436364
800.709642	9.654545	8.648485	10.593939	9.509091	5.436364
801.439914	11.654545	3.648485	8.593939	12.509091	6.436364
802.170109	11.654545	7.648485	10.593939	6.509091	5.436364
802.900229	11.654545	7.648485	13.593939	12.509091	11.436364
803.630272	3.654545	4.648485	10.593939	7.509091	12.436364
804.360240	7.654545	5.648485	5.593939	5.509091	9.436364
805.090131	8.654545	9.648485	3.593939	6.509091	7.436364
805.819947	6.654545	10.648485	7.593939	3.509091	7.436364
806.549686	9.654545	2.648485	7.593939	7.509091	3.436364
807.279349	7.654545	9.648485	8.593939	7.509091	7.436364
808.008936	4.654545	11.648485	4.593939	8.509091	9.436364
808.738447	6.654545	8.648485	4.593939	5.509091	10.436364
809.467882	7.654545	8.648485	2.593939	8.509091	6.436364
810.197241	9.654545	8.648485	9.593939	7.509091	4.436364
810.926524	0.654545	5.648485	3.593939	7.509091	5.436364
811.655731	13.654545	8.648485	6.593939	6.509091	10.436364
812.384862	9.654545	7.648485	14.593939	11.509091	6.436364
813.113917	6.654545	6.648485	7.593939	9.509091	11.436364
813.842895	2.654545	9.648485	6.593939	5.509091	7.436364
814.571798	5.654545	8.648485	8.593939	7.509091	5.436364
815.300624	2.654545	12.648485	3.593939	5.509091	8.436364
816.029375	4.654545	4.648485	8.593939	7.509091	7.436364
816.758049	2.654545	1.648485	7.593939	5.509091	1.436364
817.486648	3.654545	4.648485	11.593939	7.509091	5.436364
818.215170	4.654545	10.648485	9.593939	6.509091	5.436364
818.943616	1.654545	0.648485	6.593939	10.509091	6.436364
819.671986	7.654545	3.648485	6.593939	6.509091	10.436364
820.400280	3.654545	0.648485	5.593939	8.509091	7.436364
821.128498	4.654545	6.648485	4.593939	4.509091	2.436364
821.856640	8.654545	12.648485	10.593939	9.509091	12.436364
822.584706	6.654545	2.648485	11.593939	4.509091	4.436364
823.312696	5.654545	3.648485	5.593939	3.509091	5.436364
824.040610	9.654545	7.648485	14.593939	15.509091	11.436364
824.768447	13.654545	13.648485	8.593939	14.509091	8.436364
825.496209	1.654545	5.648485	6.593939	7.509091	4.436364
826.223894	7.654545	7.648485	5.593939	5.509091	7.436364
826.951504	4.654545	9.648485	2.593939	0.509091	3.436364
827.679037	7.654545	3.648485	4.593939	8.509091	4.436364
828.406495	5.654545	3.648485	4.593939	2.509091	9.436364
829.133876	6.654545	0.648485	5.593939	0.509091	2.436364
829.861181	10.654545	5.648485	5.593939	6.509091	1.436364
830.588410	6.654545	3.648485	3.593939	4.509091	3.436364
831.315564	5.654545	1.648485	-0.406061	7.509091	5.436364
832.042641	3.654545	0.648485	2.593939	1.509091	7.436364
832.769642	1.654545	8.648485	3.593939	3.509091	6.436364
833.496567	6.654545	10.648485	3.593939	4.509091	6.436364
834.223415	5.654545	5.648485	3.593939	6.509091	4.436364
834.950188	3.654545	1.648485	-0.406061	5.509091	0.436364
835.676885	7.654545	5.648485	7.593939	10.509091	5.436364
836.403506	5.654545	5.648485	6.593939	2.509091	-1.563636
837.130050	3.654545	5.648485	4.593939	2.509091	4.436364
837.856519	8.654545	5.648485	-0.406061	0.509091	2.436364
838.582911	4.654545	2.648485	2.593939	6.509091	5.436364
839.309228	5.654545	3.648485	3.593939	-0.490909	6.436364
840.035468	2.654545	6.648485	3.593939	5.509091	7.436364
840.761632	1.654545	3.648485	1.593939	4.509091	4.436364
841.487720	9.654545	4.648485	8.593939	2.509091	2.436364
842.213733	7.654545	8.648485	4.593939	4.509091	1.436364
842.939669	7.654545	6.648485	3.593939	1.509091	1.436364
843.665529	8.654545	6.648485	2.593939	4.509091	-1.563636
844.391313	1.654545	2.648485	2.593939	4.509091	2.436364
845.117020	1.654545	-1.351515	2.593939	3.509091	7.436364
845.842652	1.654545	9.648485	4.593939	1.509091	1.436364
846.568208	3.654545	1.648485	3.593939	3.509091	2.436364
847.293688	9.654545	1.648485	3.593939	2.509091	6.436364
848.019091	3.654545	-0.351515	-0.406061	5.509091	6.436364
848.744419	0.654545	4.648485	6.593939	3.509091	1.436364
849.469670	1.654545	1.648485	4.593939	4.509091	6.436364
850.194846	3.654545	2.648485	3.593939	0.509091	-0.563636
850.919945	2.654545	-0.351515	-2.406061	3.509091	-3.563636
851.644969	1.654545	3.648485	-0.406061	-0.490909	0.436364
852.369916	6.654545	-0.351515	2.593939	4.509091	1.436364
853.094787	1.654545	-0.351515	0.593939	1.509091	4.436364
853.819582	5.654545	-0.351515	-0.406061	7.509091	1.436364
854.544301	9.654545	7.648485	3.593939	8.509091	6.436364
855.268944	4.654545	4.648485	2.593939	6.509091	-2.563636
855.993511	4.654545	3.648485	0.593939	-0.490909	-0.563636
856.718002	3.654545	3.648485	2.593939	-0.490909	8.436364
857.442417	-1.345455	0.648485	1.593939	3.509091	3.436364
858.166755	-3.345455	0.648485	-0.406061	2.509091	1.436364
858.891018	-2.345455	3.648485	3.593939	3.509091	0.436364
859.615205	1.654545	0.648485	-2.406061	4.509091	3.436364
860.339315	6.654545	1.648485	6.593939	2.509091	2.436364
861.063350	5.654545	1.648485	-0.406061	-0.490909	3.436364
861.787308	4.654545	2.648485	4.593939	3.509091	5.436364
862.511190	6.654545	6.648485	3.593939	2.509091	1.436364
863.234997	6.654545	2.648485	2.593939	0.509091	1.436364
863.958727	4.654545	2.648485	1.593939	4.509091	1.436364
864.682381	-0.345455	2.648485	0.593939	-0.490909	3.436364
865.405959	2.654545	5.648485	2.593939	4.509091	-0.563636
866.129461	6.654545	5.648485	2.593939	10.509091	-0.563636
866.852887	2.654545	8.648485	1.593939	1.509091	4.436364
867.576237	4.654545	5.648485	6.593939	3.509091	0.436364
868.299511	4.654545	5.648485	2.593939	5.509091	-1.563636
869.022709	6.654545	5.648485	0.593939	6.509091	4.436364
869.745830	6.654545	6.648485	7.593939	5.509091	3.436364
870.468876	4.654545	5.648485	5.593939	2.509091	5.436364
871.191846	2.654545	4.648485	4.593939	0.509091	3.436364
871.914739	3.654545	-2.351515	5.593939	0.509091	0.436364
872.637557	4.654545	8.648485	5.593939	0.509091	5.436364
873.360298	2.654545	-1.351515	0.593939	-0.490909	3.436364
874.082963	2.654545	3.648485	0.593939	2.509091	7.436364
874.805553	1.654545	5.648485	5.593939	4.509091	3.436364
875.528066	3.654545	2.648485	2.593939	2.509091	2.436364
876.250503	6.654545	3.648485	5.593939	2.509091	2.436364
876.972864	4.654545	4.648485	4.593939	5.509091	10.436364
877.695149	1.654545	5.648485	2.593939	4.509091	4.436364
878.417358	5.654545	0.648485	3.593939	-0.490909	5.436364
879.139491	4.654545	7.648485	1.593939	1.509091	5.436364
879.861548	4.654545	1.648485	3.593939	9.509091	9.436364
880.583528	5.654545	8.648485	1.593939	2.509091	6.436364
881.305433	9.654545	2.648485	-0.406061	3.509091	8.436364
882.027262	9.654545	4.648485	3.593939	7.509091	2.436364
882.749014	2.654545	7.648485	1.593939	6.509091	1.436364
883.470691	2.654545	5.648485	4.593939	3.509091	7.436364
884.192291	7.654545	6.648485	8.593939	8.509091	7.436364
884.913815	1.654545	9.648485	7.593939	3.509091	6.436364
885.635264	3.654545	5.648485	3.593939	6.509091	4.436364
886.356636	3.654545	6.648485	7.593939	4.509091	2.436364
887.077932	5.654545	10.648485	6.593939	2.509091	9.436364
887.799152	7.654545	5.648485	1.593939	4.509091	7.436364
888.520296	3.654545	11.648485	8.593939	12.509091	4.436364
889.241364	13.654545	9.648485	11.593939	15.509091	10.436364
889.962356	8.654545	4.648485	7.593939	6.509091	6.436364
890.683272	15.654545	15.648485	12.593939	9.509091	17.436364
891.404112	4.654545	7.648485	8.593939	9.509091	4.436364
892.124875	7.654545	10.648485	9.593939	9.509091	11.436364
892.845563	11.654545	10.648485	10.593939	10.509091	8.436364
893.566175	10.654545	9.648485	5.593939	7.509091	13.436364
894.286710	5.654545	9.648485	8.593939	10.509091	10.436364
895.007170	15.654545	15.648485	18.593939	11.509091	9.436364
895.727553	10.654545	7.648485	13.593939	5.509091	8.436364
896.447860	7.654545	12.648485	10.593939	13.509091	11.436364
897.168092	3.654545	9.648485	11.593939	11.509091	8.436364
897.888247	12.654545	12.648485	8.593939	8.509091	8.436364
898.608326	12.654545	9.648485	9.593939	6.509091	13.436364
899.328329	17.654545	7.648485	13.593939	10.509091	8.436364
900.048256	11.654545	10.648485	10.593939	15.509091	7.436364
900.768107	14.654545	9.648485	14.593939	8.509091	9.436364
901.487882	14.654545	16.648485	8.593939	10.509091	15.436364
902.207581	11.654545	17.648485	14.593939	13.509091	11.436364
902.927203	13.654545	10.648485	14.593939	13.509091	12.436364
903.646750	17.654545	8.648485	15.593939	15.509091	17.436364
904.366221	16.654545	19.648485	14.593939	20.509091	18.436364
905.085615	15.654545	17.648485	13.593939	20.509091	13.436364
905.804934	16.654545	15.648485	17.593939	14.509091	13.436364
906.524176	14.654545	11.648485	19.593939	15.509091	17.436364
907.243343	16.654545	10.648485	13.593939	9.509091	12.436364
907.962433	23.654545	21.648485	15.593939	11.509091	11.436364
908.681447	10.654545	22.648485	10.593939	8.509091	14.436364
909.400385	45.654545	50.648485	46.593939	39.509091	44.436364
910.119247	19.654545	22.648485	15.593939	18.509091	13.436364
910.838033	12.654545	19.648485	15.593939	15.509091	9.436364
911.556743	15.654545	15.648485	18.593939	14.509091	20.436364
912.275377	22.654545	16.648485	13.593939	20.509091	20.436364
912.993935	17.654545	19.648485	20.593939	13.509091	13.436364
913.712417	15.654545	17.648485	20.593939	17.509091	15.436364
914.430823	21.654545	19.648485	22.593939	18.509091	11.436364
915.149152	24.654545	16.648485	20.593939	14.509091	15.436364
915.867406	15.654545	15.648485	16.593939	11.509091	17.436364
916.585584	22.654545	18.648485	19.593939	19.509091	11.436364
917.303685	21.654545	15.648485	21.593939	21.509091	13.436364
918.021710	18.654545	15.648485	17.593939	23.509091	17.436364
918.739660	19.654545	19.648485	17.593939	18.509091	21.436364
919.457533	22.654545	22.648485	18.593939	19.509091	15.436364
920.175330	21.654545	17.648485	14.593939	13.509091	17.436364
920.893051	21.654545	21.648485	20.593939	16.509091	14.436364
921.610696	15.654545	20.648485	16.593939	18.509091	16.436364
922.328265	15.654545	14.648485	19.593939	17.509091	16.436364
923.045758	16.654545	21.648485	17.593939	16.509091	15.436364
923.763175	22.654545	19.648485	17.593939	16.509091	13.436364
924.480516	11.654545	17.648485	19.593939	18.509091	15.436364
925.197781	15.654545	16.648485	13.593939	21.509091	14.436364
925.914970	13.654545	17.648485	16.593939	12.509091	12.436364
926.632082	15.654545	16.648485	15.593939	21.509091	11.436364
927.349119	15.654545	17.648485	12.593939	15.509091	11.436364
928.066079	19.654545	22.648485	23.593939	13.509091	17.436364
928.782964	11.654545	13.648485	22.593939	14.509091	15.436364
929.499772	19.654545	11.648485	10.593939	10.509091	12.436364
930.216504	19.654545	12.648485	12.593939	19.509091	14.436364
930.933161	14.654545	11.648485	14.593939	13.509091	7.436364
931.649741	13.654545	13.648485	8.593939	6.509091	13.436364
932.366245	29.654545	22.648485	24.593939	25.509091	25.436364
933.082673	10.654545	18.648485	13.593939	16.509091	7.436364
933.799025	16.654545	11.648485	19.593939	13.509091	10.436364
934.515301	17.654545	14.648485	12.593939	11.509091	9.436364
935.231501	11.654545	15.648485	15.593939	8.509091	11.436364
935.947625	9.654545	9.648485	17.593939	9.509091	13.436364
936.663672	12.654545	11.648485	13.593939	8.509091	7.436364
937.379644	15.654545	9.648485	14.593939	10.509091	11.436364
938.095540	8.654545	13.648485	10.593939	10.509091	8.436364
938.811359	8.654545	8.648485	17.593939	10.509091	12.436364
939.527103	11.654545	11.648485	9.593939	11.509091	10.436364
940.242770	12.654545	10.648485	11.593939	14.509091	3.436364
940.958361	15.654545	13.648485	10.593939	16.509091	8.436364
941.673877	9.654545	8.648485	9.593939	9.509091	7.436364
942.389316	11.654545	6.648485	7.593939	7.509091	7.436364
943.104679	8.654545	5.648485	8.593939	5.509091	8.436364
943.819966	14.654545	10.648485	8.593939	11.509091	7.436364
944.535177	8.654545	13.648485	8.593939	11.509091	11.436364
945.250312	4.654545	6.648485	5.593939	9.509091	9.436364
945.965371	4.654545	8.648485	12.593939	9.509091	9.436364
946.680354	9.654545	6.648485	8.593939	8.509091	1.436364
947.395261	8.654545	4.648485	7.593939	10.509091	7.436364
948.110091	3.654545	7.648485	10.593939	5.509091	7.436364
948.824846	7.654545	8.648485	1.593939	10.509091	5.436364
949.539525	12.654545	4.648485	9.593939	3.509091	3.436364
950.254127	10.654545	10.648485	6.593939	10.509091	2.436364
950.968654	6.654545	5.648485	7.593939	3.509091	9.436364
951.683104	7.654545	8.648485	6.593939	3.509091	0.436364
952.397478	7.654545	11.648485	1.593939	4.509091	6.436364
953.111777	7.654545	10.648485	4.593939	4.509091	3.436364
953.825999	0.654545	8.648485	5.593939	2.509091	6.436364
954.540145	9.654545	8.648485	11.593939	5.509091	5.436364
955.254215	15.654545	6.648485	9.593939	8.509091	1.436364
955.968209	4.654545	1.648485	5.593939	9.509091	1.436364
956.682127	6.654545	3.648485	6.593939	4.509091	16.436364
957.395969	3.654545	4.648485	2.593939	-0.490909	4.436364
958.109735	6.654545	3.648485	8.593939	4.509091	5.436364
958.823424	11.654545	10.648485	9.593939	8.509091	18.436364
959.537038	7.654545	4.648485	8.593939	7.509091	8.436364
960.250576	3.654545	1.648485	3.593939	4.509091	5.436364
960.964037	7.654545	5.648485	10.593939	1.509091	2.436364
961.677423	3.654545	2.648485	5.593939	5.509091	5.436364
962.390732	4.654545	0.648485	-0.406061	3.509091	2.436364
963.103965	3.654545	8.648485	-2.406061	3.509091	4.436364
963.817123	7.654545	9.648485	8.593939	3.509091	7.436364
964.530204	7.654545	2.648485	4.593939	3.509091	-2.563636
965.243209	7.654545	3.648485	8.593939	-0.490909	6.436364
965.956138	2.654545	6.648485	4.593939	4.509091	8.436364
966.668991	4.654545	1.648485	3.593939	1.509091	1.436364
967.381768	6.654545	5.648485	5.593939	2.509091	4.436364
968.094469	6.654545	-0.351515	4.593939	4.509091	7.436364
968.807094	11.654545	3.648485	11.593939	9.509091	7.436364
969.519643	2.654545	0.648485	4.593939	2.509091	6.436364
970.232115	4.654545	3.648485	2.593939	0.509091	4.436364
970.944512	4.654545	8.648485	0.593939	3.509091	1.436364
971.656833	6.654545	-0.351515	1.593939	2.509091	1.436364
972.369077	4.654545	2.648485	3.593939	4.509091	-0.563636
973.081246	1.654545	5.648485	3.593939	-3.490909	2.436364
973.793338	-1.345455	3.648485	1.593939	5.509091	6.436364
974.505354	8.654545	6.648485	5.593939	0.509091	9.436364
975.217295	1.654545	1.648485	4.593939	2.509091	4.436364
975.929159	4.654545	2.648485	6.593939	2.509091	5.436364
976.640947	-0.345455	2.648485	7.593939	1.509091	-0.563636
977.352659	5.654545	1.648485	4.593939	0.509091	-0.563636
978.064295	4.654545	3.648485	4.593939	-0.490909	-1.563636
978.775855	2.654545	0.648485	5.593939	1.509091	0.436364
979.487339	0.654545	4.648485	2.593939	0.509091	0.436364
980.198747	3.654545	4.648485	4.593939	0.509091	-0.563636
980.910079	0.654545	-1.351515	0.593939	-1.490909	8.436364
981.621334	-1.345455	2.648485	6.593939	8.509091	5.436364
982.332514	5.654545	1.648485	2.593939	1.509091	3.436364
983.043617	3.654545	8.648485	2.593939	6.509091	4.436364
983.754645	1.654545	2.648485	3.593939	5.509091	3.436364
984.465596	6.654545	0.648485	4.593939	5.509091	-0.563636
985.176472	1.654545	2.648485	-1.406061	7.509091	6.436364
985.887271	5.654545	7.648485	5.593939	5.509091	8.436364
986.597994	3.654545	3.648485	-1.406061	4.509091	1.436364
987.308641	-3.345455	2.648485	-4.406061	6.509091	3.436364
988.019213	1.654545	5.648485	2.593939	5.509091	9.436364
988.729708	3.654545	0.648485	3.593939	0.509091	-1.563636
989.440127	2.654545	2.648485	4.593939	1.509091	2.436364
990.150470	1.654545	1.648485	0.593939	-0.490909	1.436364
990.860736	5.654545	0.648485	6.593939	-0.490909	1.436364
991.570927	1.654545	-3.351515	1.593939	3.509091	0.436364
992.281042	2.654545	-1.351515	5.593939	-0.490909	0.436364
992.991081	2.654545	5.648485	6.593939	6.509091	4.436364
993.701043	5.654545	0.648485	4.593939	-2.490909	2.436364
994.410930	0.654545	2.648485	3.593939	3.509091	1.436364
995.120740	-2.345455	0.648485	-4.406061	-2.490909	-2.563636
995.830475	4.654545	-4.351515	-1.406061	2.509091	7.436364
996.540133	3.654545	1.648485	-2.406061	4.509091	2.436364
997.249715	-0.345455	1.648485	1.593939	-0.490909	1.436364
997.959221	-1.345455	-2.351515	1.593939	-0.490909	-3.563636
998.668652	1.654545	2.648485	7.593939	-1.490909	3.436364
999.378006	0.654545	1.648485	-0.406061	1.509091	-1.563636
1000.087284	4.654545	2.648485	2.593939	-1.490909	1.436364
1000.796486	7.654545	11.648485	8.593939	7.509091	8.436364
1001.505611	-1.345455	7.648485	3.593939	1.509091	2.436364
1002.214661	0.654545	1.648485	3.593939	5.509091	4.436364
1002.923635	5.654545	4.648485	6.593939	2.509091	4.436364
1003.632533	0.654545	6.648485	0.593939	3.509091	5.436364
1004.341354	2.654545	1.648485	-1.406061	7.509091	1.436364
1005.050100	2.654545	1.648485	3.593939	4.509091	1.436364
1005.758769	4.654545	7.648485	0.593939	6.509091	0.436364
1006.467363	-1.345455	3.648485	-0.406061	3.509091	-3.563636
1007.175880	3.654545	1.648485	-2.406061	4.509091	-0.563636
1007.884322	3.654545	1.648485	2.593939	2.509091	5.436364
1008.592687	-1.345455	2.648485	4.593939	-0.490909	1.436364
1009.300976	-0.345455	-2.351515	-0.406061	1.509091	-3.563636
1010.009189	1.654545	1.648485	0.593939	-0.490909	2.436364
1010.717326	0.654545	2.648485	2.593939	0.509091	-3.563636
1011.425387	1.654545	2.648485	4.593939	-0.490909	1.436364
1012.133372	1.654545	0.648485	1.593939	-3.490909	0.436364
1012.841281	1.654545	-0.351515	1.593939	1.509091	2.436364
1013.549114	-2.345455	5.648485	2.593939	0.509091	-1.563636
1014.256871	0.654545	3.648485	3.593939	-1.490909	0.436364
1014.964551	2.654545	7.648485	3.593939	-3.490909	4.436364
1015.672156	5.654545	-0.351515	-1.406061	0.509091	-1.563636
1016.379684	6.654545	1.648485	-2.406061	5.509091	0.436364
1017.087137	-0.345455	5.648485	-2.406061	2.509091	2.436364
1017.794513	4.654545	2.648485	4.593939	4.509091	2.436364
1018.501814	-2.345455	-1.351515	1.593939	7.509091	-0.563636
1019.209038	1.654545	4.648485	3.593939	3.509091	-0.563636
1019.916186	-0.345455	1.648485	0.593939	3.509091	3.436364
1020.623258	0.654545	-2.351515	-0.406061	-2.490909	-0.563636
1021.330254	2.654545	1.648485	-2.406061	5.509091	0.436364
1022.037174	-0.345455	2.648485	5.593939	0.509091	-0.563636
1022.744018	1.654545	-0.351515	1.593939	3.509091	1.436364
1023.450786	5.654545	2.648485	5.593939	0.509091	3.436364
1024.157478	-1.345455	-0.351515	-1.406061	0.509091	3.436364
1024.864094	-0.345455	-1.351515	1.593939	7.509091	2.436364
1025.570634	5.654545	6.648485	6.593939	5.509091	4.436364
1026.277097	4.654545	4.648485	3.593939	-3.490909	1.436364
1026.983485	0.654545	0.648485	2.593939	-0.490909	-0.563636
1027.689796	1.654545	2.648485	0.593939	2.509091	3.436364
1028.396032	4.654545	2.648485	-2.406061	1.509091	-2.563636
1029.102191	3.654545	5.648485	-3.406061	3.509091	1.436364
1029.808275	6.654545	5.648485	6.593939	8.509091	3.436364
1030.514282	6.654545	4.648485	1.593939	1.509091	3.436364
1031.220213	1.654545	4.648485	0.593939	3.509091	1.436364
1031.926068	4.654545	-6.351515	1.593939	-0.490909	0.436364
1032.631847	2.654545	-1.351515	-0.406061	2.509091	3.436364
1033.337550	4.654545	-1.351515	0.593939	1.509091	-4.563636
1034.043177	-1.345455	5.648485	2.593939	-1.490909	4.436364
1034.748728	-1.345455	5.648485	2.593939	3.509091	2.436364
1035.454203	0.654545	1.648485	6.593939	-0.490909	-6.563636
1036.159602	4.654545	-4.351515	5.593939	-2.490909	-2.563636
1036.864924	6.654545	2.648485	5.593939	3.509091	4.436364
1037.570171	-2.345455	4.648485	-0.406061	-1.490909	4.436364
1038.275341	3.654545	0.648485	4.593939	2.509091	-0.563636
1038.980436	-0.345455	1.648485	6.593939	2.509091	0.436364
1039.685454	1.654545	7.648485	1.593939	-2.490909	-0.563636
1040.390397	-2.345455	3.648485	3.593939	-1.490909	-1.563636
1041.095263	-1.345455	0.648485	2.593939	2.509091	1.436364
1041.800053	-1.345455	2.648485	4.593939	3.509091	-1.563636
1042.504767	-0.345455	2.648485	1.593939	4.509091	-0.563636
1043.209405	2.654545	0.648485	3.593939	-4.490909	-0.563636
1043.913968	1.654545	-1.351515	4.593939	-0.490909	0.436364
1044.618454	0.654545	0.648485	4.593939	0.509091	3.436364
1045.322863	6.654545	9.648485	6.593939	11.509091	3.436364
1046.027197	4.654545	-2.351515	3.593939	3.509091	8.436364
1046.731455	4.654545	-0.351515	-2.406061	-0.490909	4.436364
1047.435637	0.654545	0.648485	4.593939	0.509091	4.436364
1048.139742	1.654545	-1.351515	3.593939	2.509091	5.436364
1048.843772	1.654545	2.648485	1.593939	0.509091	5.436364
1049.547726	3.654545	-0.351515	-1.406061	0.509091	1.436364
1050.251603	-1.345455	1.648485	-1.406061	2.509091	1.436364
1050.955404	0.654545	-0.351515	1.593939	2.509091	4.436364
1051.659130	2.654545	-1.351515	7.593939	-0.490909	7.436364
1052.362779	-0.345455	-1.351515	3.593939	-1.490909	1.436364
1053.066352	2.654545	0.648485	-0.406061	3.509091	0.436364
1053.769849	1.654545	0.648485	-1.406061	2.509091	-0.563636
1054.473270	1.654545	0.648485	5.593939	1.509091	-1.563636
1055.176615	-1.345455	0.648485	2.593939	0.509091	1.436364
1055.879884	1.654545	-0.351515	0.593939	-1.490909	-0.563636
1056.583077	0.654545	2.648485	3.593939	8.509091	2.436364
1057.286194	0.654545	-6.351515	3.593939	3.509091	4.436364
1057.989235	5.654545	0.648485	2.593939	0.509091	-0.563636
1058.692200	4.654545	2.648485	-3.406061	1.509091	-2.563636
1059.395088	4.654545	4.648485	3.593939	2.509091	-0.563636
1060.097901	2.654545	1.648485	-3.406061	-0.490909	-2.563636
1060.800637	-0.345455	-3.351515	5.593939	5.509091	3.436364
1061.503298	-1.345455	-6.351515	1.593939	2.509091	3.436364
1062.205882	-3.345455	-1.351515	1.593939	-1.490909	0.436364
1062.908390	3.654545	4.648485	2.593939	2.509091	0.436364
1063.610823	0.654545	5.648485	0.593939	0.509091	1.436364
1064.313179	4.654545	1.648485	-1.406061	1.509091	-0.563636
1065.015459	2.654545	4.648485	-0.406061	4.509091	3.436364
1065.717663	-2.345455	-2.351515	0.593939	-1.490909	2.436364
1066.419791	-6.345455	-5.351515	-4.406061	-1.490909	3.436364
1067.121843	2.654545	-1.351515	-1.406061	3.509091	3.436364
1067.823819	-2.345455	5.648485	-0.406061	4.509091	-0.563636
1068.525718	1.654545	1.648485	-1.406061	1.509091	-0.563636
1069.227542	-2.345455	4.648485	4.593939	2.509091	-3.563636
1069.929290	5.654545	2.648485	2.593939	4.509091	-0.563636
1070.630961	4.654545	5.648485	0.593939	1.509091	3.436364
1071.332557	1.654545	2.648485	5.593939	0.509091	1.436364
1072.034077	1.654545	-0.351515	0.593939	-0.490909	4.436364
1072.735520	7.654545	3.648485	2.593939	5.509091	1.436364
1073.436887	-0.345455	-1.351515	-5.406061	-0.490909	-2.563636
1074.138179	3.654545	4.648485	-1.406061	0.509091	3.436364
1074.839394	5.654545	3.648485	0.593939	7.509091	0.436364
1075.540533	4.654545	1.648485	-0.406061	3.509091	2.436364
1076.241596	0.654545	0.648485	-0.406061	1.509091	2.436364
1076.942583	1.654545	0.648485	-2.406061	-0.490909	0.436364
1077.643494	-4.345455	0.648485	-0.406061	-0.490909	3.436364
1078.344329	0.654545	-0.351515	-0.406061	-0.490909	-3.563636
1079.045088	0.654545	0.648485	2.593939	-0.490909	-0.563636
1079.745770	0.654545	2.648485	-1.406061	-3.490909	1.436364
1080.446377	-3.345455	3.648485	-4.406061	-2.490909	3.436364
1081.146908	-0.345455	3.648485	3.593939	-1.490909	0.436364
1081.847362	0.654545	1.648485	4.593939	-2.490909	-0.563636
1082.547741	2.654545	0.648485	3.593939	-0.490909	-2.563636
1083.248043	6.654545	2.648485	3.593939	1.509091	-2.563636
1083.948270	2.654545	0.648485	0.593939	-1.490909	3.436364
1084.648420	2.654545	-3.351515	0.593939	-0.490909	-0.563636
1085.348494	4.654545	6.648485	3.593939	-0.490909	8.436364
1086.048492	1.654545	0.648485	2.593939	3.509091	3.436364
1086.748415	2.654545	1.648485	6.593939	5.509091	2.436364
1087.448261	2.654545	5.648485	2.593939	0.509091	0.436364
1088.148031	2.654545	1.648485	7.593939	1.509091	-0.563636
1088.847725	0.654545	0.648485	-0.406061	7.509091	-0.563636
1089.547342	4.654545	1.648485	0.593939	-2.490909	6.436364
1090.246884	-0.345455	3.648485	0.593939	1.509091	1.436364
1090.946350	-0.345455	4.648485	4.593939	2.509091	-1.563636
1091.645740	-0.345455	-2.351515	4.593939	-0.490909	-0.563636
1092.345053	2.654545	-2.351515	0.593939	2.509091	-2.563636
1093.044291	0.654545	0.648485	1.593939	-2.490909	1.436364
1093.743452	-1.345455	4.648485	0.593939	1.509091	-1.563636
1094.442538	4.654545	7.648485	7.593939	5.509091	4.436364
1095.141547	4.654545	3.648485	4.593939	3.509091	-0.563636
1095.840480	-2.345455	-2.351515	-0.406061	-0.490909	-0.563636
1096.539338	-2.345455	-0.351515	0.593939	2.509091	1.436364
1097.238119	-4.345455	-3.351515	0.593939	-1.490909	3.436364
1097.936824	1.654545	-0.351515	-2.406061	-2.490909	2.436364
1098.635453	4.654545	1.648485	-1.406061	-1.490909	4.436364
1099.334006	1.654545	1.648485	2.593939	3.509091	3.436364
1100.032483	3.654545	-2.351515	2.593939	-2.490909	1.436364
