300.577233	2.784848	-3.272727	-1.354545	1.654545	-4.390909
301.357859	0.784848	-3.272727	-0.354545	1.654545	-0.390909
302.138410	3.784848	5.727273	3.645455	4.654545	8.609091
302.918884	7.784848	5.727273	6.645455	2.654545	2.609091
303.699282	3.784848	7.727273	2.645455	3.654545	1.609091
304.479604	3.784848	1.727273	7.645455	7.654545	4.609091
305.259850	5.784848	1.727273	9.645455	6.654545	4.609091
306.040019	1.784848	1.727273	0.645455	-0.345455	3.609091
306.820113	3.784848	4.727273	-0.354545	2.654545	5.609091
307.600131	2.784848	2.727273	4.645455	5.654545	0.609091
308.380073	4.784848	5.727273	2.645455	4.654545	-0.390909
309.159938	2.784848	2.727273	0.645455	4.654545	1.609091
309.939728	3.784848	4.727273	8.645455	6.654545	11.609091
310.719441	0.784848	3.727273	4.645455	-2.345455	4.609091
311.499079	-0.215152	2.727273	4.645455	2.654545	-1.390909
312.278640	1.784848	2.727273	-0.354545	5.654545	2.609091
313.058125	1.784848	7.727273	2.645455	0.654545	1.609091
313.837534	0.784848	-2.272727	-1.354545	0.654545	2.609091
314.616868	5.784848	-1.272727	2.645455	5.654545	-0.390909
315.396125	4.784848	1.727273	0.645455	-1.345455	1.609091
316.175306	2.784848	1.727273	5.645455	3.654545	4.609091
316.954411	3.784848	6.727273	4.645455	3.654545	-1.390909
317.733440	2.784848	2.727273	6.645455	4.654545	3.609091
318.512392	0.784848	0.727273	-2.354545	-0.345455	-1.390909
319.291269	1.784848	2.727273	0.645455	3.654545	-0.390909
320.070070	-0.215152	5.727273	3.645455	3.654545	-0.390909
320.848794	-1.215152	1.727273	2.645455	6.654545	0.609091
321.627443	1.784848	-4.272727	-1.354545	-0.345455	4.609091
322.406016	1.784848	3.727273	0.645455	0.654545	3.609091
323.184512	1.784848	2.727273	1.645455	0.654545	1.609091
323.962932	2.784848	-0.272727	4.645455	0.654545	-0.390909
324.741277	0.784848	4.727273	1.645455	1.654545	1.609091
325.519545	6.784848	8.727273	9.645455	0.654545	4.609091
326.297737	6.784848	2.727273	11.645455	7.654545	7.609091
327.075853	3.784848	3.727273	5.645455	5.654545	4.609091
327.853893	2.784848	2.727273	2.645455	3.654545	3.609091
328.631857	2.784848	1.727273	4.645455	1.654545	4.609091
329.409745	3.784848	1.727273	8.645455	4.654545	0.609091
330.187557	4.784848	1.727273	1.645455	-2.345455	4.609091
330.965293	6.784848	5.727273	0.645455	-1.345455	11.609091
331.742953	5.784848	5.727273	2.645455	0.654545	4.609091
332.520536	2.784848	0.727273	3.645455	4.654545	-1.390909
333.298044	3.784848	4.727273	2.645455	-0.345455	6.609091
334.075475	6.784848	2.727273	3.645455	0.654545	0.609091
334.852831	3.784848	2.727273	4.645455	-0.345455	2.609091
335.630110	1.784848	-4.272727	0.645455	-2.345455	3.609091
336.407314	-1.215152	1.727273	2.645455	0.654545	6.609091
337.184441	1.784848	-1.272727	6.645455	3.654545	-0.390909
337.961492	3.784848	7.727273	2.645455	6.654545	4.609091
338.738467	-0.215152	1.727273	-0.354545	3.654545	2.609091
339.515366	-1.215152	4.727273	3.645455	10.654545	6.609091
340.292189	1.784848	-2.272727	-2.354545	2.654545	5.609091
341.068936	3.784848	-2.272727	5.645455	1.654545	8.609091
341.845607	3.784848	4.727273	-0.354545	3.654545	-1.390909
342.622202	1.784848	5.727273	5.645455	4.654545	8.609091
343.398721	4.784848	-3.272727	4.645455	0.654545	3.609091
344.175164	0.784848	-0.272727	1.645455	-0.345455	6.609091
344.951530	-0.215152	-1.272727	1.645455	2.654545	2.609091
345.727821	5.784848	5.727273	9.645455	7.654545	2.609091
346.504035	1.784848	0.727273	3.645455	0.654545	4.609091
347.280174	2.784848	3.727273	3.645455	1.654545	4.609091
348.056236	1.784848	4.727273	1.645455	4.654545	-0.390909
348.832223	4.784848	2.727273	-3.354545	0.654545	6.609091
349.608133	8.784848	0.727273	1.645455	1.654545	4.609091
350.383967	-0.215152	7.727273	4.645455	10.654545	7.609091
351.159725	0.784848	-0.272727	3.645455	4.654545	4.609091
351.935407	2.784848	5.727273	4.645455	2.654545	-0.390909
352.711013	7.784848	0.727273	3.645455	-0.345455	1.609091
353.486543	2.784848	3.727273	-0.354545	0.654545	2.609091
354.261997	3.784848	-0.272727	2.645455	0.654545	-0.390909
355.037375	3.784848	1.727273	0.645455	2.654545	4.609091
355.812677	-0.215152	1.727273	-1.354545	1.654545	4.609091
356.587902	2.784848	0.727273	3.645455	3.654545	3.609091
357.363052	2.784848	3.727273	1.645455	4.654545	5.609091
358.138125	3.784848	5.727273	2.645455	7.654545	7.609091
358.913123	0.784848	6.727273	5.645455	3.654545	3.609091
359.688044	5.784848	5.727273	3.645455	3.654545	6.609091
360.462890	5.784848	2.727273	3.645455	1.654545	4.609091
361.237659	1.784848	4.727273	4.645455	2.654545	3.609091
362.012352	8.784848	8.727273	5.645455	3.654545	5.609091
362.786969	-1.215152	4.727273	5.645455	3.654545	4.609091
363.561511	8.784848	12.727273	11.645455	18.654545	15.609091
364.335976	3.784848	9.727273	7.645455	8.654545	6.609091
365.110365	7.784848	5.727273	7.645455	6.654545	3.609091
365.884677	5.784848	7.727273	1.645455	6.654545	6.609091
366.658914	2.784848	5.727273	1.645455	5.654545	4.609091
367.433075	2.784848	5.727273	2.645455	2.654545	4.609091
368.207160	1.784848	1.727273	3.645455	6.654545	5.609091
368.981168	2.784848	2.727273	6.645455	7.654545	3.609091
369.755101	2.784848	1.727273	0.645455	9.654545	8.609091
370.528958	-1.215152	3.727273	-0.354545	2.654545	3.609091
371.302738	6.784848	8.727273	4.645455	0.654545	5.609091
372.076442	5.784848	-0.272727	1.645455	3.654545	-3.390909
372.850071	5.784848	7.727273	6.645455	8.654545	0.609091
373.623623	1.784848	1.727273	7.645455	6.654545	6.609091
374.397099	4.784848	7.727273	5.645455	11.654545	8.609091
375.170499	2.784848	0.727273	2.645455	6.654545	3.609091
375.943823	8.784848	2.727273	7.645455	2.654545	5.609091
376.717072	3.784848	0.727273	-0.354545	5.654545	4.609091
377.490243	5.784848	-1.272727	8.645455	2.654545	5.609091
378.263339	2.784848	5.727273	2.645455	4.654545	6.609091
379.036359	0.784848	-0.272727	9.645455	8.654545	3.609091
379.809303	4.784848	5.727273	1.645455	3.654545	4.609091
380.582171	6.784848	8.727273	7.645455	5.654545	4.609091
381.354962	7.784848	8.727273	7.645455	0.654545	3.609091
382.127678	6.784848	7.727273	7.645455	2.654545	2.609091
382.900317	2.784848	2.727273	6.645455	-0.345455	5.609091
383.672881	6.784848	2.727273	2.645455	1.654545	5.609091
384.445368	5.784848	6.727273	4.645455	2.654545	10.609091
385.217779	7.784848	8.727273	4.645455	8.654545	6.609091
385.990115	4.784848	4.727273	4.645455	7.654545	4.609091
386.762374	3.784848	3.727273	1.645455	3.654545	4.609091
387.534557	6.784848	7.727273	3.645455	6.654545	5.609091
388.306664	9.784848	4.727273	12.645455	7.654545	12.609091
389.078695	7.784848	13.727273	16.645455	11.654545	12.609091
389.850650	6.784848	5.727273	4.645455	8.654545	5.609091
390.622529	6.784848	6.727273	3.645455	3.654545	4.609091
391.394332	3.784848	5.727273	4.645455	10.654545	5.609091
392.166058	10.784848	5.727273	8.645455	6.654545	7.609091
392.937709	6.784848	4.727273	12.645455	10.654545	9.609091
393.709284	5.784848	9.727273	11.645455	7.654545	6.609091
394.480782	6.784848	8.727273	5.645455	2.654545	0.609091
395.252205	11.784848	2.727273	4.645455	7.654545	4.609091
396.023551	6.784848	5.727273	2.645455	9.654545	11.609091
396.794821	5.784848	6.727273	3.645455	6.654545	5.609091
397.566016	6.784848	4.727273	4.645455	6.654545	3.609091
398.337134	3.784848	5.727273	5.645455	5.654545	5.609091
399.108176	8.784848	3.727273	7.645455	4.654545	5.609091
399.879142	5.784848	8.727273	10.645455	6.654545	3.609091
400.650032	1.784848	7.727273	6.645455	8.654545	4.609091
401.420846	3.784848	3.727273	4.645455	4.654545	3.609091
402.191584	6.784848	-0.272727	5.645455	6.654545	5.609091
402.962246	5.784848	6.727273	7.645455	1.654545	2.609091
403.732832	15.784848	17.727273	20.645455	9.654545	22.609091
404.503341	5.784848	3.727273	5.645455	3.654545	7.609091
405.273775	2.784848	2.727273	9.645455	7.654545	1.609091
406.044132	5.784848	6.727273	-0.354545	6.654545	5.609091
406.814414	5.784848	4.727273	11.645455	7.654545	4.609091
407.584619	5.784848	4.727273	1.645455	7.654545	7.609091
408.354749	7.784848	4.727273	5.645455	4.654545	1.609091
409.124802	5.784848	6.727273	6.645455	7.654545	11.609091
409.894779	3.784848	9.727273	4.645455	6.654545	6.609091
410.664681	5.784848	9.727273	3.645455	9.654545	4.609091
411.434506	7.784848	2.727273	9.645455	2.654545	5.609091
412.204255	6.784848	5.727273	7.645455	6.654545	7.609091
412.973928	6.784848	6.727273	12.645455	4.654545	9.609091
413.743525	8.784848	6.727273	7.645455	6.654545	7.609091
414.513045	5.784848	4.727273	7.645455	5.654545	8.609091
415.282490	7.784848	5.727273	2.645455	10.654545	11.609091
416.051859	12.784848	7.727273	7.645455	8.654545	11.609091
416.821152	7.784848	11.727273	7.645455	13.654545	9.609091
417.590368	9.784848	7.727273	5.645455	6.654545	7.609091
418.359509	8.784848	11.727273	5.645455	10.654545	4.609091
419.128573	10.784848	5.727273	7.645455	12.654545	3.609091
419.897562	6.784848	9.727273	11.645455	14.654545	5.609091
420.666474	4.784848	9.727273	15.645455	11.654545	9.609091
421.435310	12.784848	11.727273	17.645455	11.654545	12.609091
422.204071	13.784848	12.727273	12.645455	14.654545	21.609091
422.972755	16.784848	14.727273	14.645455	18.654545	12.609091
423.741363	12.784848	15.727273	15.645455	17.654545	15.609091
424.509895	20.784848	21.727273	20.645455	22.654545	20.609091
425.278351	27.784848	22.727273	17.645455	19.654545	23.609091
426.046731	23.784848	22.727273	30.645455	29.654545	25.609091
426.815035	26.784848	37.727273	39.645455	37.654545	42.609091
427.583262	33.784848	34.727273	30.645455	37.654545	32.609091
428.351414	28.784848	36.727273	43.645455	39.654545	41.609091
429.119490	43.784848	34.727273	43.645455	48.654545	40.609091
429.887489	43.784848	41.727273	50.645455	53.654545	56.609091
430.655413	55.784848	55.727273	56.645455	56.654545	56.609091
431.423260	55.784848	61.727273	63.645455	62.654545	72.609091
432.191032	64.784848	72.727273	70.645455	73.654545	72.609091
432.958727	75.784848	81.727273	83.645455	87.654545	76.609091
433.726346	81.784848	79.727273	95.645455	92.654545	94.609091
434.493889	98.784848	99.727273	104.645455	99.654545	112.609091
435.261357	109.784848	126.727273	122.645455	122.654545	123.609091
436.028748	122.784848	128.727273	131.645455	141.654545	138.609091
436.796063	142.784848	136.727273	146.645455	154.654545	161.609091
437.563302	147.784848	162.727273	167.645455	177.654545	171.609091
438.330465	182.784848	181.727273	196.645455	196.654545	195.609091
439.097551	192.784848	202.727273	198.645455	215.654545	210.609091
439.864562	206.784848	208.727273	224.645455	236.654545	248.609091
440.631497	235.784848	245.727273	264.645455	263.654545	268.609091
441.398355	256.784848	264.727273	288.645455	288.654545	302.609091
442.165138	278.784848	288.727273	306.645455	304.654545	313.609091
442.931844	308.784848	331.727273	327.645455	355.654545	355.609091
443.698475	336.784848	347.727273	373.645455	381.654545	391.609091
444.465029	368.784848	392.727273	417.645455	429.654545	433.609091
445.231508	413.784848	425.727273	458.645455	460.654545	477.609091
445.997910	440.784848	463.727273	482.645455	494.654545	519.609091
446.764236	484.784848	506.727273	548.645455	550.654545	574.609091
447.530486	545.784848	574.727273	602.645455	621.654545	639.609091
448.296660	573.784848	607.727273	650.645455	680.654545	680.609091
449.062758	655.784848	664.727273	716.645455	737.654545	748.609091
449.828780	688.784848	710.727273	758.645455	798.654545	789.609091
450.594726	741.784848	780.727273	835.645455	846.654545	858.609091
451.360596	791.784848	830.727273	875.645455	898.654545	933.609091
452.126389	855.784848	905.727273	956.645455	994.654545	1011.609091
452.892107	920.784848	948.727273	1007.645455	1014.654545	1068.609091
453.657749	930.784848	969.727273	1045.645455	1076.654545	1101.609091
454.423314	1056.784848	1101.727273	1165.645455	1203.654545	1256.609091
455.188804	1053.784848	1067.727273	1157.645455	1180.654545	1212.609091
455.954217	1131.784848	1187.727273	1236.645455	1313.654545	1328.609091
456.719554	1159.784848	1232.727273	1321.645455	1352.654545	1358.609091
457.484816	1211.784848	1266.727273	1326.645455	1406.654545	1414.609091
458.250001	1196.784848	1294.727273	1347.645455	1387.654545	1433.609091
459.015110	1275.784848	1359.727273	1426.645455	1476.654545	1512.609091
459.780143	1242.784848	1315.727273	1398.645455	1442.654545	1481.609091
460.545100	1200.784848	1247.727273	1335.645455	1375.654545	1392.609091
461.309981	1198.784848	1293.727273	1369.645455	1390.654545	1435.609091
462.074786	1191.784848	1235.727273	1335.645455	1391.654545	1412.609091
462.839515	1156.784848	1250.727273	1326.645455	1354.654545	1414.609091
463.604167	1115.784848	1153.727273	1221.645455	1246.654545	1294.609091
464.368744	1080.784848	1140.727273	1216.645455	1232.654545	1283.609091
465.133245	1013.784848	1081.727273	1138.645455	1191.654545	1200.609091
465.897669	991.784848	1035.727273	1094.645455	1134.654545	1155.609091
466.662018	915.784848	983.727273	1020.645455	1053.654545	1089.609091
467.426290	839.784848	901.727273	942.645455	984.654545	984.609091
468.190487	789.784848	842.727273	875.645455	906.654545	925.609091
468.954607	743.784848	791.727273	834.645455	852.654545	894.609091
469.718651	678.784848	742.727273	757.645455	780.654545	819.609091
470.482619	641.784848	687.727273	725.645455	739.654545	774.609091
471.246511	611.784848	644.727273	681.645455	684.654545	710.609091
472.010328	564.784848	594.727273	615.645455	639.654545	652.609091
472.774068	515.784848	541.727273	581.645455	585.654545	612.609091
473.537731	486.784848	515.727273	555.645455	579.654545	593.609091
474.301319	444.784848	457.727273	491.645455	504.654545	532.609091
475.064831	420.784848	435.727273	467.645455	476.654545	495.609091
475.828267	394.784848	429.727273	452.645455	463.654545	469.609091
476.591627	361.784848	383.727273	399.645455	427.654545	432.609091
477.354910	347.784848	366.727273	383.645455	392.654545	402.609091
478.118118	318.784848	338.727273	338.645455	365.654545	368.609091
478.881249	302.784848	315.727273	335.645455	346.654545	340.609091
479.644305	293.784848	297.727273	329.645455	329.654545	337.609091
480.407284	256.784848	278.727273	292.645455	304.654545	303.609091
481.170187	249.784848	254.727273	266.645455	280.654545	286.609091
481.933014	225.784848	244.727273	249.645455	261.654545	270.609091
482.695766	210.784848	214.727273	240.645455	234.654545	249.609091
483.458441	196.784848	208.727273	227.645455	229.654545	235.609091
484.221040	191.784848	200.727273	196.645455	212.654545	216.609091
484.983563	174.784848	187.727273	195.645455	198.654545	200.609091
485.746010	159.784848	159.727273	176.645455	184.654545	178.609091
486.508380	149.784848	164.727273	161.645455	169.654545	178.609091
487.270675	139.784848	142.727273	162.645455	154.654545	159.609091
488.032894	128.784848	140.727273	145.645455	144.654545	146.609091
488.795036	124.784848	123.727273	139.645455	132.654545	143.609091
489.557103	115.784848	116.727273	128.645455	125.654545	139.609091
490.319094	105.784848	108.727273	108.645455	121.654545	122.609091
491.081008	95.784848	99.727273	103.645455	112.654545	111.609091
491.842846	84.784848	95.727273	96.645455	103.654545	108.609091
492.604609	84.784848	91.727273	85.645455	99.654545	103.609091
493.366295	79.784848	78.727273	89.645455	92.654545	84.609091
494.127905	74.784848	75.727273	80.645455	83.654545	86.609091
494.889439	66.784848	67.727273	73.645455	79.654545	80.609091
495.650897	63.784848	64.727273	68.645455	68.654545	78.609091
496.412279	58.784848	60.727273	69.645455	66.654545	67.609091
497.173585	52.784848	58.727273	55.645455	64.654545	63.609091
497.934815	55.784848	53.727273	66.645455	58.654545	54.609091
498.695969	44.784848	53.727273	52.645455	61.654545	56.609091
499.457047	47.784848	47.727273	49.645455	53.654545	47.609091
500.218048	40.784848	43.727273	51.645455	43.654545	53.609091
500.978974	40.784848	45.727273	44.645455	42.654545	53.609091
501.739824	43.784848	43.727273	43.645455	48.654545	46.609091
502.500597	35.784848	35.727273	36.645455	40.654545	40.609091
503.261294	31.784848	31.727273	42.645455	45.654545	41.609091
504.021916	29.784848	34.727273	37.645455	37.654545	35.609091
504.782461	35.784848	25.727273	27.645455	36.654545	38.609091
505.542930	29.784848	34.727273	35.645455	34.654545	35.609091
506.303323	31.784848	26.727273	29.645455	32.654545	33.609091
507.063641	25.784848	28.727273	32.645455	28.654545	33.609091
507.823882	34.784848	27.727273	23.645455	34.654545	35.609091
508.584047	24.784848	30.727273	26.645455	30.654545	34.609091
509.344135	26.784848	27.727273	30.645455	30.654545	29.609091
510.104148	16.784848	27.727273	35.645455	31.654545	25.609091
510.864085	30.784848	29.727273	24.645455	29.654545	29.609091
511.623946	28.784848	25.727273	27.645455	28.654545	22.609091
512.383730	21.784848	30.727273	25.645455	24.654545	26.609091
513.143439	20.784848	22.727273	23.645455	26.654545	31.609091
513.903072	23.784848	19.727273	23.645455	18.654545	28.609091
514.662628	17.784848	28.727273	15.645455	25.654545	24.609091
515.422108	26.784848	24.727273	22.645455	22.654545	24.609091
516.181513	19.784848	24.727273	18.645455	24.654545	24.609091
516.940841	20.784848	22.727273	19.645455	25.654545	15.609091
517.700093	16.784848	14.727273	18.645455	19.654545	14.609091
518.459269	17.784848	18.727273	21.645455	21.654545	21.609091
519.218369	19.784848	20.727273	16.645455	22.654545	18.609091
519.977393	23.784848	19.727273	20.645455	19.654545	21.609091
520.736341	22.784848	19.727273	23.645455	21.654545	23.609091
521.495213	20.784848	21.727273	24.645455	25.654545	24.609091
522.254009	17.784848	17.727273	19.645455	22.654545	22.609091
523.012729	20.784848	20.727273	21.645455	18.654545	17.609091
523.771372	14.784848	18.727273	19.645455	19.654545	17.609091
524.529940	24.784848	21.727273	18.645455	16.654545	20.609091
525.288432	17.784848	18.727273	13.645455	18.654545	18.609091
526.046847	17.784848	15.727273	15.645455	18.654545	18.609091
526.805187	15.784848	18.727273	19.645455	15.654545	19.609091
527.563450	16.784848	17.727273	16.645455	24.654545	19.609091
528.321637	17.784848	18.727273	18.645455	16.654545	18.609091
529.079748	20.784848	14.727273	14.645455	13.654545	15.609091
529.837784	17.784848	18.727273	13.645455	14.654545	11.609091
530.595743	15.784848	13.727273	16.645455	19.654545	21.609091
531.353626	22.784848	20.727273	18.645455	20.654545	25.609091
532.111433	17.784848	20.727273	19.645455	16.654545	16.609091
532.869164	18.784848	8.727273	18.645455	13.654545	16.609091
533.626819	17.784848	20.727273	20.645455	15.654545	19.609091
534.384397	18.784848	22.727273	15.645455	16.654545	15.609091
535.141900	6.784848	17.727273	19.645455	21.654545	16.609091
535.899327	14.784848	15.727273	12.645455	22.654545	17.609091
536.656677	18.784848	15.727273	14.645455	19.654545	20.609091
537.413952	21.784848	15.727273	18.645455	21.654545	21.609091
538.171150	6.784848	20.727273	17.645455	18.654545	20.609091
538.928273	12.784848	16.727273	11.645455	13.654545	20.609091
539.685319	11.784848	20.727273	14.645455	17.654545	17.609091
540.442289	12.784848	15.727273	13.645455	12.654545	13.609091
541.199184	12.784848	13.727273	15.645455	16.654545	15.609091
541.956002	13.784848	18.727273	20.645455	13.654545	12.609091
542.712744	13.784848	17.727273	14.645455	16.654545	9.609091
543.469410	13.784848	13.727273	12.645455	14.654545	14.609091
544.226000	14.784848	17.727273	16.645455	13.654545	17.609091
544.982514	16.784848	15.727273	11.645455	16.654545	21.609091
545.738951	18.784848	12.727273	16.645455	15.654545	13.609091
546.495313	13.784848	13.727273	13.645455	19.654545	13.609091
547.251599	13.784848	12.727273	17.645455	13.654545	18.609091
548.007809	19.784848	13.727273	12.645455	18.654545	18.609091
548.763942	16.784848	15.727273	14.645455	17.654545	20.609091
549.520000	11.784848	15.727273	12.645455	15.654545	12.609091
550.275981	19.784848	12.727273	16.645455	9.654545	15.609091
551.031886	12.784848	14.727273	18.645455	18.654545	13.609091
551.787716	12.784848	18.727273	12.645455	10.654545	13.609091
552.543469	12.784848	16.727273	12.645455	14.654545	13.609091
553.299146	18.784848	19.727273	9.645455	18.654545	20.609091
554.054747	7.784848	13.727273	13.645455	9.654545	15.609091
554.810272	17.784848	15.727273	20.645455	13.654545	19.609091
555.565721	19.784848	11.727273	13.645455	13.654545	20.609091
556.321094	14.784848	17.727273	14.645455	14.654545	23.609091
557.076391	13.784848	13.727273	15.645455	21.654545	15.609091
557.831612	16.784848	11.727273	16.645455	16.654545	20.609091
558.586757	16.784848	16.727273	17.645455	17.654545	16.609091
559.341825	13.784848	13.727273	15.645455	18.654545	13.609091
560.096818	15.784848	14.727273	16.645455	15.654545	18.609091
560.851734	21.784848	18.727273	18.645455	14.654545	15.609091
561.606575	16.784848	11.727273	18.645455	13.654545	19.609091
562.361339	12.784848	14.727273	12.645455	19.654545	14.609091
563.116028	15.784848	15.727273	16.645455	18.654545	22.609091
563.870640	15.784848	12.727273	19.645455	21.654545	13.609091
564.625176	21.784848	17.727273	18.645455	15.654545	20.609091
565.379636	17.784848	11.727273	19.645455	18.654545	12.609091
566.134020	18.784848	18.727273	19.645455	19.654545	27.609091
566.888328	22.784848	20.727273	17.645455	15.654545	18.609091
567.642560	17.784848	21.727273	12.645455	20.654545	23.609091
568.396716	14.784848	17.727273	14.645455	19.654545	18.609091
569.150796	17.784848	18.727273	19.645455	16.654545	20.609091
569.904800	19.784848	18.727273	22.645455	17.654545	19.609091
570.658728	19.784848	21.727273	21.645455	22.654545	23.609091
571.412579	23.784848	16.727273	23.645455	16.654545	22.609091
572.166355	22.784848	17.727273	25.645455	22.654545	20.609091
572.920054	26.784848	25.727273	16.645455	21.654545	23.609091
573.673678	20.784848	24.727273	27.645455	20.654545	22.609091
574.427225	24.784848	24.727273	28.645455	25.654545	23.609091
575.180697	20.784848	20.727273	24.645455	22.654545	26.609091
575.934092	24.784848	23.727273	23.645455	20.654545	24.609091
576.687411	21.784848	25.727273	25.645455	24.654545	27.609091
577.440654	27.784848	25.727273	28.645455	30.654545	32.609091
578.193821	22.784848	30.727273	27.645455	31.654545	34.609091
578.946912	27.784848	23.727273	27.645455	25.654545	32.609091
579.699927	34.784848	27.727273	33.645455	28.654545	37.609091
580.452866	30.784848	32.727273	35.645455	28.654545	36.609091
581.205729	30.784848	43.727273	32.645455	38.654545	36.609091
581.958516	37.784848	40.727273	47.645455	40.654545	49.609091
582.711226	31.784848	41.727273	40.645455	35.654545	44.609091
583.463861	42.784848	42.727273	36.645455	40.654545	48.609091
584.216419	39.784848	37.727273	42.645455	42.654545	48.609091
584.968902	48.784848	47.727273	44.645455	53.654545	46.609091
585.721308	50.784848	45.727273	50.645455	55.654545	52.609091
586.473639	47.784848	49.727273	57.645455	49.654545	55.609091
587.225893	54.784848	50.727273	61.645455	58.654545	55.609091
587.978071	61.784848	56.727273	60.645455	67.654545	57.609091
588.730173	61.784848	60.727273	60.645455	66.654545	68.609091
589.482199	69.784848	70.727273	69.645455	71.654545	71.609091
590.234149	65.784848	69.727273	72.645455	78.654545	73.609091
590.986023	71.784848	80.727273	79.645455	86.654545	88.609091
591.737821	73.784848	81.727273	82.645455	81.654545	85.609091
592.489543	86.784848	89.727273	89.645455	96.654545	98.609091
593.241189	94.784848	96.727273	99.645455	101.654545	104.609091
593.992759	97.784848	112.727273	107.645455	111.654545	118.609091
594.744252	103.784848	114.727273	114.645455	122.654545	123.609091
595.495670	117.784848	119.727273	131.645455	123.654545	138.609091
596.247011	135.784848	134.727273	137.645455	147.654545	145.609091
596.998277	137.784848	140.727273	146.645455	160.654545	161.609091
597.749466	161.784848	169.727273	164.645455	170.654545	176.609091
598.500580	173.784848	178.727273	179.645455	184.654545	191.609091
599.251617	189.784848	194.727273	205.645455	204.654545	210.609091
600.002578	199.784848	219.727273	231.645455	223.654545	240.609091
600.753463	221.784848	236.727273	244.645455	247.654545	270.609091
601.504272	256.784848	263.727273	273.645455	282.654545	288.609091
602.255005	289.784848	295.727273	311.645455	309.654545	310.609091
603.005662	312.784848	324.727273	341.645455	343.654545	357.609091
603.756243	360.784848	367.727273	387.645455	388.654545	401.609091
604.506748	393.784848	412.727273	420.645455	440.654545	466.609091
605.257177	456.784848	461.727273	491.645455	502.654545	516.609091
606.007529	500.784848	529.727273	540.645455	565.654545	581.609091
606.757806	567.784848	592.727273	611.645455	639.654545	648.609091
607.508007	638.784848	656.727273	697.645455	714.654545	735.609091
608.258131	708.784848	731.727273	767.645455	804.654545	814.609091
609.008180	798.784848	829.727273	859.645455	893.654545	895.609091
609.758152	877.784848	907.727273	953.645455	991.654545	1004.609091
610.508048	956.784848	1002.727273	1062.645455	1089.654545	1090.609091
611.257868	1068.784848	1096.727273	1148.645455	1174.654545	1205.609091
612.007613	1144.784848	1195.727273	1273.645455	1282.654545	1298.609091
612.757281	1252.784848	1304.727273	1390.645455	1405.654545	1440.609091
613.506873	1358.784848	1400.727273	1477.645455	1511.654545	1528.609091
614.256389	1477.784848	1518.727273	1588.645455	1642.654545	1676.609091
615.005829	1560.784848	1599.727273	1673.645455	1727.654545	1778.609091
615.755193	1635.784848	1722.727273	1788.645455	1829.654545	1871.609091
616.504480	1729.784848	1807.727273	1876.645455	1923.654545	1962.609091
617.253692	1826.784848	1883.727273	2004.645455	2041.654545	2071.609091
618.002828	1874.784848	1964.727273	2067.645455	2100.654545	2164.609091
618.751887	1953.784848	2047.727273	2134.645455	2200.654545	2252.609091
619.500871	2038.784848	2109.727273	2219.645455	2258.654545	2296.609091
620.249778	2090.784848	2157.727273	2256.645455	2292.654545	2364.609091
620.998610	2121.784848	2232.727273	2310.645455	2359.654545	2422.609091
621.747365	2168.784848	2291.727273	2365.645455	2440.654545	2474.609091
622.496044	2199.784848	2300.727273	2444.645455	2477.654545	2505.609091
623.244648	2211.784848	2320.727273	2421.645455	2471.654545	2539.609091
623.993175	2265.784848	2347.727273	2484.645455	2480.654545	2573.609091
624.741626	2264.784848	2379.727273	2492.645455	2535.654545	2580.609091
625.490001	2282.784848	2370.727273	2504.645455	2547.654545	2602.609091
626.238300	2288.784848	2349.727273	2482.645455	2554.654545	2593.609091
626.986523	2272.784848	2362.727273	2490.645455	2542.654545	2553.609091
627.734669	2273.784848	2365.727273	2476.645455	2538.654545	2583.609091
628.482740	2261.784848	2374.727273	2469.645455	2502.654545	2600.609091
629.230735	2255.784848	2351.727273	2452.645455	2527.654545	2546.609091
629.978654	2220.784848	2309.727273	2428.645455	2476.654545	2520.609091
630.726496	2218.784848	2292.727273	2423.645455	2481.654545	2513.609091
631.474263	2179.784848	2273.727273	2385.645455	2452.654545	2505.609091
632.221953	2148.784848	2248.727273	2337.645455	2389.654545	2479.609091
632.969567	2136.784848	2228.727273	2318.645455	2379.654545	2439.609091
633.717106	2114.784848	2184.727273	2303.645455	2377.654545	2420.609091
634.464568	2088.784848	2169.727273	2291.645455	2320.654545	2368.609091
635.211954	2058.784848	2130.727273	2235.645455	2281.654545	2326.609091
635.959264	1997.784848	2124.727273	2204.645455	2261.654545	2333.609091
636.706498	1987.784848	2071.727273	2154.645455	2212.654545	2254.609091
637.453656	1952.784848	2075.727273	2154.645455	2198.654545	2247.609091
638.200738	1919.784848	2019.727273	2104.645455	2169.654545	2209.609091
638.947744	1900.784848	1959.727273	2058.645455	2136.654545	2172.609091
639.694674	1866.784848	1936.727273	2047.645455	2055.654545	2111.609091
640.441528	1852.784848	1906.727273	2016.645455	2048.654545	2097.609091
641.188305	1827.784848	1903.727273	1977.645455	2020.654545	2091.609091
641.935007	1781.784848	1869.727273	1939.645455	1988.654545	2043.609091
642.681633	1784.784848	1822.727273	1899.645455	1957.654545	1999.609091
643.428182	1710.784848	1813.727273	1907.645455	1933.654545	1983.609091
644.174655	1706.784848	1763.727273	1859.645455	1902.654545	1924.609091
644.921053	1661.784848	1708.727273	1792.645455	1883.654545	1918.609091
645.667374	1652.784848	1720.727273	1783.645455	1823.654545	1893.609091
646.413619	1611.784848	1678.727273	1751.645455	1793.654545	1837.609091
647.159788	1594.784848	1642.727273	1734.645455	1762.654545	1820.609091
647.905882	1557.784848	1617.727273	1701.645455	1742.654545	1759.609091
648.651899	1522.784848	1565.727273	1639.645455	1677.654545	1727.609091
649.397840	1500.784848	1546.727273	1640.645455	1697.654545	1711.609091
650.143704	1469.784848	1510.727273	1606.645455	1643.654545	1707.609091
650.889493	1424.784848	1494.727273	1544.645455	1595.654545	1640.609091
651.635206	1409.784848	1474.727273	1525.645455	1607.654545	1616.609091
652.380843	1381.784848	1440.727273	1502.645455	1546.654545	1567.609091
653.126403	1350.784848	1422.727273	1506.645455	1523.654545	1548.609091
653.871888	1319.784848	1365.727273	1453.645455	1475.654545	1515.609091
654.617296	1285.784848	1367.727273	1442.645455	1466.654545	1501.609091
655.362629	1261.784848	1334.727273	1385.645455	1418.654545	1460.609091
656.107885	1237.784848	1284.727273	1356.645455	1387.654545	1409.609091
656.853066	1211.784848	1258.727273	1345.645455	1340.654545	1377.609091
657.598170	1186.784848	1252.727273	1311.645455	1328.654545	1366.609091
658.343198	1182.784848	1215.727273	1255.645455	1310.654545	1325.609091
659.088150	1129.784848	1163.727273	1226.645455	1274.654545	1285.609091
659.833026	1104.784848	1135.727273	1193.645455	1243.654545	1271.609091
660.577826	1081.784848	1127.727273	1184.645455	1213.654545	1226.609091
661.322550	1058.784848	1102.727273	1143.645455	1184.654545	1183.609091
662.067198	1015.784848	1075.727273	1101.645455	1160.654545	1163.609091
662.811770	1012.784848	1058.727273	1117.645455	1127.654545	1167.609091
663.556266	987.784848	1007.727273	1064.645455	1080.654545	1124.609091
664.300685	949.784848	984.727273	1028.645455	1047.654545	1091.609091
665.045029	937.784848	967.727273	1016.645455	1041.654545	1034.609091
665.789297	890.784848	933.727273	971.645455	993.654545	1007.609091
666.533488	878.784848	919.727273	958.645455	980.654545	1010.609091
667.277603	849.784848	873.727273	921.645455	950.654545	981.609091
668.021643	824.784848	875.727273	909.645455	918.654545	932.609091
668.765606	786.784848	840.727273	878.645455	883.654545	927.609091
669.509493	783.784848	811.727273	842.645455	870.654545	876.609091
670.253304	760.784848	789.727273	824.645455	852.654545	859.609091
670.997040	736.784848	770.727273	809.645455	811.654545	844.609091
671.740699	716.784848	755.727273	774.645455	788.654545	819.609091
672.484282	695.784848	717.727273	748.645455	771.654545	790.609091
673.227789	673.784848	704.727273	746.645455	759.654545	756.609091
673.971219	649.784848	690.727273	704.645455	744.654545	755.609091
674.714574	625.784848	651.727273	680.645455	712.654545	726.609091
675.457853	633.784848	641.727273	664.645455	700.654545	699.609091
676.201056	600.784848	630.727273	656.645455	669.654545	676.609091
676.944182	572.784848	613.727273	632.645455	648.654545	664.609091
677.687233	567.784848	569.727273	624.645455	626.654545	643.609091
678.430207	554.784848	569.727273	606.645455	616.654545	629.609091
679.173105	539.784848	540.727273	585.645455	597.654545	616.609091
679.915928	507.784848	547.727273	567.645455	578.654545	583.609091
680.658674	514.784848	529.727273	557.645455	546.654545	567.609091
681.401344	492.784848	500.727273	532.645455	548.654545	552.609091
682.143938	476.784848	490.727273	512.645455	526.654545	540.609091
682.886457	468.784848	484.727273	508.645455	499.654545	535.609091
683.628899	449.784848	470.727273	495.645455	498.654545	499.609091
684.371264	438.784848	446.727273	473.645455	493.654545	490.609091
685.113554	424.784848	449.727273	468.645455	468.654545	473.609091
685.855768	419.784848	429.727273	439.645455	453.654545	459.609091
686.597906	400.784848	421.727273	435.645455	446.654545	450.609091
687.339968	384.784848	413.727273	425.645455	429.654545	446.609091
688.081953	383.784848	393.727273	424.645455	419.654545	424.609091
688.823863	373.784848	383.727273	401.645455	411.654545	426.609091
689.565696	362.784848	368.727273	390.645455	390.654545	400.609091
690.307454	354.784848	350.727273	385.645455	377.654545	393.609091
691.049135	334.784848	353.727273	362.645455	374.654545	386.609091
691.790740	340.784848	349.727273	361.645455	362.654545	370.609091
692.532270	316.784848	325.727273	362.645455	366.654545	355.609091
693.273723	319.784848	337.727273	330.645455	350.654545	368.609091
694.015100	302.784848	322.727273	333.645455	337.654545	340.609091
694.756401	289.784848	311.727273	318.645455	330.654545	345.609091
695.497626	297.784848	295.727273	321.645455	326.654545	332.609091
696.238775	272.784848	295.727273	298.645455	308.654545	317.609091
696.979848	276.784848	283.727273	299.645455	311.654545	308.609091
697.720845	272.784848	280.727273	286.645455	300.654545	304.609091
698.461765	259.784848	269.727273	285.645455	296.654545	301.609091
699.202610	251.784848	267.727273	280.645455	277.654545	288.609091
699.943379	243.784848	258.727273	258.645455	269.654545	278.609091
700.684071	242.784848	252.727273	262.645455	273.654545	281.609091
701.424688	227.784848	245.727273	256.645455	264.654545	261.609091
702.165228	235.784848	233.727273	253.645455	254.654545	265.609091
702.905692	216.784848	224.727273	234.645455	257.654545	255.609091
703.646081	217.784848	228.727273	248.645455	244.654545	247.609091
704.386393	211.784848	217.727273	228.645455	237.654545	243.609091
705.126629	208.784848	205.727273	226.645455	230.654545	221.609091
705.866789	197.784848	208.727273	227.645455	213.654545	228.609091
706.606873	190.784848	197.727273	214.645455	216.654545	216.609091
707.346881	195.784848	203.727273	205.645455	213.654545	208.609091
708.086813	185.784848	195.727273	203.645455	205.654545	212.609091
708.826669	174.784848	186.727273	197.645455	191.654545	203.609091
709.566448	187.784848	189.727273	202.645455	209.654545	203.609091
710.306152	163.784848	176.727273	180.645455	201.654545	191.609091
711.045780	153.784848	167.727273	182.645455	183.654545	186.609091
711.785331	167.784848	173.727273	175.645455	176.654545	187.609091
712.524807	165.784848	165.727273	173.645455	172.654545	175.609091
713.264206	151.784848	161.727273	173.645455	165.654545	175.609091
714.003530	154.784848	158.727273	171.645455	167.654545	172.609091
714.742777	146.784848	147.727273	155.645455	160.654545	168.609091
715.481948	139.784848	148.727273	149.645455	161.654545	155.609091
716.221043	130.784848	150.727273	143.645455	170.654545	153.609091
716.960063	134.784848	132.727273	146.645455	144.654545	149.609091
717.699006	135.784848	134.727273	146.645455	144.654545	153.609091
718.437873	130.784848	131.727273	134.645455	141.654545	144.609091
719.176664	130.784848	129.727273	133.645455	141.654545	140.609091
719.915378	123.784848	122.727273	129.645455	138.654545	137.609091
720.654017	116.784848	125.727273	133.645455	128.654545	133.609091
721.392580	116.784848	119.727273	121.645455	128.654545	125.609091
722.131067	108.784848	112.727273	112.645455	129.654545	127.609091
722.869477	108.784848	118.727273	115.645455	114.654545	130.609091
723.607812	113.784848	117.727273	121.645455	119.654545	125.609091
724.346070	100.784848	103.727273	101.645455	114.654545	115.609091
725.084253	100.784848	104.727273	110.645455	107.654545	111.609091
725.822359	94.784848	101.727273	102.645455	101.654545	106.609091
726.560389	85.784848	103.727273	101.645455	104.654545	105.609091
727.298344	87.784848	94.727273	107.645455	98.654545	103.609091
728.036222	89.784848	94.727273	95.645455	93.654545	100.609091
728.774024	87.784848	89.727273	94.645455	98.654545	103.609091
729.511750	83.784848	85.727273	86.645455	87.654545	97.609091
730.249400	83.784848	77.727273	86.645455	88.654545	93.609091
730.986974	80.784848	81.727273	85.645455	82.654545	87.609091
731.724472	81.784848	79.727273	87.645455	85.654545	83.609091
732.461893	77.784848	72.727273	74.645455	84.654545	89.609091
733.199239	78.784848	85.727273	84.645455	84.654545	88.609091
733.936509	67.784848	69.727273	76.645455	81.654545	74.609091
734.673702	69.784848	73.727273	78.645455	70.654545	72.609091
735.410820	65.784848	69.727273	72.645455	76.654545	78.609091
736.147861	61.784848	67.727273	73.645455	72.654545	73.609091
736.884827	65.784848	64.727273	66.645455	74.654545	73.609091
737.621716	63.784848	60.727273	69.645455	67.654545	74.609091
738.358529	54.784848	61.727273	65.645455	70.654545	65.609091
739.095266	61.784848	53.727273	60.645455	66.654545	67.609091
739.831928	56.784848	59.727273	68.645455	61.654545	64.609091
740.568513	54.784848	62.727273	55.645455	56.654545	60.609091
741.305022	58.784848	56.727273	54.645455	59.654545	59.609091
742.041455	60.784848	52.727273	59.645455	55.654545	61.609091
742.777811	47.784848	53.727273	54.645455	56.654545	61.609091
743.514092	45.784848	49.727273	51.645455	51.654545	53.609091
744.250297	54.784848	46.727273	55.645455	55.654545	54.609091
744.986426	43.784848	52.727273	56.645455	51.654545	45.609091
745.722478	47.784848	47.727273	45.645455	58.654545	53.609091
746.458455	49.784848	52.727273	40.645455	57.654545	44.609091
747.194355	40.784848	46.727273	47.645455	44.654545	43.609091
747.930180	43.784848	37.727273	53.645455	49.654545	47.609091
748.665928	39.784848	44.727273	45.645455	43.654545	48.609091
749.401600	35.784848	46.727273	43.645455	44.654545	45.609091
750.137197	35.784848	36.727273	40.645455	46.654545	47.609091
750.872717	39.784848	33.727273	43.645455	45.654545	39.609091
751.608161	32.784848	34.727273	43.645455	43.654545	43.609091
752.343529	32.784848	34.727273	40.645455	41.654545	39.609091
753.078821	37.784848	34.727273	40.645455	41.654545	41.609091
753.814037	40.784848	43.727273	34.645455	38.654545	38.609091
754.549177	32.784848	39.727273	33.645455	32.654545	41.609091
755.284241	31.784848	35.727273	28.645455	40.654545	37.609091
756.019228	29.784848	34.727273	36.645455	33.654545	32.609091
756.754140	29.784848	23.727273	31.645455	33.654545	33.609091
757.488976	29.784848	32.727273	29.645455	37.654545	31.609091
758.223735	23.784848	25.727273	35.645455	32.654545	29.609091
758.958418	31.784848	30.727273	24.645455	32.654545	32.609091
759.693026	26.784848	29.727273	33.645455	31.654545	26.609091
760.427557	25.784848	31.727273	28.645455	32.654545	32.609091
761.162012	20.784848	25.727273	29.645455	32.654545	35.609091
761.896392	25.784848	27.727273	26.645455	31.654545	28.609091
762.630695	30.784848	33.727273	33.645455	36.654545	31.609091
763.364922	55.784848	65.727273	64.645455	55.654545	63.609091
764.099073	20.784848	28.727273	31.645455	26.654545	28.609091
764.833148	19.784848	26.727273	27.645455	24.654545	21.609091
765.567147	23.784848	24.727273	23.645455	21.654545	26.609091
766.301070	19.784848	24.727273	22.645455	16.654545	28.609091
767.034916	20.784848	23.727273	18.645455	27.654545	24.609091
767.768687	20.784848	21.727273	20.645455	23.654545	23.609091
768.502382	22.784848	25.727273	21.645455	24.654545	24.609091
769.236000	16.784848	22.727273	22.645455	28.654545	24.609091
769.969543	25.784848	18.727273	16.645455	23.654545	21.609091
770.703009	21.784848	18.727273	19.645455	24.654545	20.609091
771.436400	18.784848	18.727273	20.645455	22.654545	17.609091
772.169714	20.784848	28.727273	21.645455	19.654545	23.609091
772.902952	14.784848	17.727273	14.645455	19.654545	16.609091
773.636114	17.784848	22.727273	16.645455	17.654545	20.609091
774.369200	15.784848	15.727273	18.645455	19.654545	21.609091
775.102210	11.784848	13.727273	9.645455	19.654545	17.609091
775.835144	16.784848	15.727273	21.645455	16.654545	17.609091
776.568002	12.784848	15.727273	21.645455	15.654545	11.609091
777.300784	11.784848	10.727273	19.645455	19.654545	20.609091
778.033490	19.784848	14.727273	14.645455	17.654545	20.609091
778.766120	12.784848	11.727273	17.645455	13.654545	17.609091
779.498673	18.784848	16.727273	11.645455	19.654545	13.609091
780.231151	10.784848	14.727273	14.645455	17.654545	13.609091
780.963553	15.784848	14.727273	13.645455	8.654545	17.609091
781.695878	18.784848	14.727273	14.645455	7.654545	12.609091
782.428127	13.784848	15.727273	11.645455	15.654545	15.609091
783.160301	12.784848	11.727273	12.645455	12.654545	16.609091
783.892398	9.784848	14.727273	13.645455	18.654545	16.609091
784.624419	15.784848	11.727273	10.645455	13.654545	12.609091
785.356364	10.784848	8.727273	12.645455	11.654545	16.609091
786.088234	7.784848	11.727273	9.645455	13.654545	11.609091
786.820027	18.784848	19.727273	20.645455	20.654545	18.609091
787.551743	8.784848	14.727273	11.645455	11.654545	14.609091
788.283384	13.784848	15.727273	11.645455	11.654545	15.609091
789.014949	7.784848	9.727273	10.645455	5.654545	11.609091
789.746438	14.784848	15.727273	17.645455	16.654545	16.609091
790.477851	5.784848	6.727273	15.645455	12.654545	8.609091
791.209187	8.784848	12.727273	12.645455	6.654545	11.609091
791.940448	11.784848	13.727273	12.645455	11.654545	7.609091
792.671632	7.784848	16.727273	11.645455	10.654545	9.609091
793.402741	5.784848	11.727273	10.645455	13.654545	13.609091
794.133773	15.784848	13.727273	12.645455	15.654545	12.609091
794.864730	9.784848	8.727273	9.645455	17.654545	11.609091
795.595610	9.784848	7.727273	10.645455	8.654545	8.609091
796.326414	4.784848	11.727273	12.645455	7.654545	8.609091
797.057142	3.784848	9.727273	8.645455	11.654545	8.609091
797.787794	5.784848	6.727273	6.645455	6.654545	11.609091
798.518370	5.784848	8.727273	9.645455	8.654545	8.609091
799.248870	7.784848	13.727273	7.645455	11.654545	12.609091
799.979294	9.784848	12.727273	11.645455	11.654545	9.609091
800.709642	6.784848	8.727273	3.645455	5.654545	8.609091
801.439914	2.784848	7.727273	3.645455	7.654545	10.609091
802.170109	8.784848	6.727273	9.645455	12.654545	7.609091
802.900229	10.784848	7.727273	7.645455	13.654545	18.609091
803.630272	7.784848	8.727273	8.645455	14.654545	9.609091
804.360240	11.784848	9.727273	5.645455	4.654545	7.609091
805.090131	4.784848	8.727273	4.645455	8.654545	11.609091
805.819947	3.784848	6.727273	4.645455	7.654545	8.609091
806.549686	3.784848	13.727273	6.645455	7.654545	5.609091
807.279349	4.784848	1.727273	9.645455	10.654545	9.609091
808.008936	5.784848	3.727273	4.645455	3.654545	7.609091
808.738447	-0.215152	7.727273	5.645455	4.654545	6.609091
809.467882	6.784848	9.727273	2.645455	5.654545	10.609091
810.197241	4.784848	10.727273	6.645455	6.654545	5.609091
810.926524	5.784848	4.727273	-0.354545	5.654545	9.609091
811.655731	12.784848	11.727273	10.645455	8.654545	4.609091
812.384862	8.784848	13.727273	4.645455	11.654545	14.609091
813.113917	7.784848	8.727273	4.645455	12.654545	9.609091
813.842895	6.784848	9.727273	6.645455	5.654545	6.609091
814.571798	3.784848	15.727273	1.645455	2.654545	2.609091
815.300624	9.784848	6.727273	6.645455	6.654545	3.609091
816.029375	1.784848	3.727273	7.645455	7.654545	3.609091
816.758049	5.784848	9.727273	4.645455	9.654545	6.609091
817.486648	6.784848	6.727273	6.645455	3.654545	9.609091
818.215170	1.784848	2.727273	3.645455	4.654545	4.609091
818.943616	4.784848	4.727273	11.645455	3.654545	4.609091
819.671986	5.784848	4.727273	7.645455	10.654545	6.609091
820.400280	6.784848	2.727273	4.645455	4.654545	3.609091
821.128498	2.784848	6.727273	7.645455	8.654545	6.609091
821.856640	9.784848	16.727273	13.645455	11.654545	7.609091
822.584706	3.784848	12.727273	9.645455	5.654545	2.609091
823.312696	3.784848	8.727273	5.645455	4.654545	-2.390909
824.040610	14.784848	8.727273	14.645455	6.654545	2.609091
824.768447	13.784848	10.727273	7.645455	8.654545	9.609091
825.496209	8.784848	7.727273	2.645455	4.654545	6.609091
826.223894	9.784848	8.727273	3.645455	3.654545	3.609091
826.951504	4.784848	3.727273	5.645455	3.654545	5.609091
827.679037	1.784848	10.727273	6.645455	6.654545	4.609091
828.406495	4.784848	5.727273	5.645455	8.654545	7.609091
829.133876	7.784848	0.727273	-0.354545	7.654545	6.609091
829.861181	8.784848	4.727273	5.645455	11.654545	6.609091
830.588410	5.784848	6.727273	8.645455	10.654545	7.609091
831.315564	5.784848	0.727273	7.645455	-0.345455	10.609091
832.042641	-1.215152	2.727273	0.645455	1.654545	5.609091
832.769642	1.784848	2.727273	0.645455	0.654545	1.609091
833.496567	5.784848	3.727273	2.645455	4.654545	1.609091
834.223415	7.784848	5.727273	8.645455	0.654545	6.609091
834.950188	5.784848	7.727273	-0.354545	3.654545	3.609091
835.676885	6.784848	8.727273	5.645455	6.654545	9.609091
836.403506	-0.215152	6.727273	1.645455	4.654545	3.609091
837.130050	0.784848	7.727273	3.645455	6.654545	5.609091
837.856519	0.784848	2.727273	-2.354545	1.654545	1.609091
838.582911	1.784848	8.727273	2.645455	3.654545	4.609091
839.309228	-0.215152	6.727273	1.645455	2.654545	1.609091
840.035468	6.784848	4.727273	4.645455	8.654545	7.609091
840.761632	0.784848	3.727273	4.645455	-3.345455	3.609091
841.487720	2.784848	-0.272727	0.645455	0.654545	11.609091
842.213733	3.784848	2.727273	2.645455	5.654545	3.609091
842.939669	-1.215152	-1.272727	-1.354545	1.654545	-2.390909
843.665529	0.784848	1.727273	4.645455	6.654545	3.609091
844.391313	1.784848	-0.272727	8.645455	2.654545	5.609091
845.117020	-0.215152	-0.272727	6.645455	6.654545	-0.390909
845.842652	-2.215152	4.727273	7.645455	6.654545	4.609091
846.568208	-1.215152	1.727273	6.645455	-0.345455	2.609091
847.293688	1.784848	0.727273	1.645455	3.654545	5.609091
848.019091	2.784848	4.727273	3.645455	4.654545	2.609091
848.744419	0.784848	1.727273	6.645455	1.654545	-2.390909
849.469670	0.784848	0.727273	-1.354545	2.654545	1.609091
850.194846	3.784848	0.727273	2.645455	-1.345455	6.609091
850.919945	1.784848	-1.272727	1.645455	4.654545	4.609091
851.644969	0.784848	-0.272727	-1.354545	5.654545	4.609091
852.369916	3.784848	1.727273	-6.354545	2.654545	0.609091
853.094787	3.784848	7.727273	-3.354545	2.654545	1.609091
853.819582	3.784848	2.727273	-0.354545	5.654545	1.609091
854.544301	2.784848	6.727273	4.645455	4.654545	5.609091
855.268944	0.784848	3.727273	0.645455	5.654545	7.609091
855.993511	4.784848	2.727273	-0.354545	3.654545	7.609091
856.718002	3.784848	5.727273	6.645455	5.654545	3.609091
857.442417	3.784848	4.727273	2.645455	-0.345455	2.609091
858.166755	3.784848	-1.272727	2.645455	4.654545	5.609091
858.891018	5.784848	5.727273	0.645455	0.654545	11.609091
859.615205	5.784848	3.727273	-0.354545	0.654545	4.609091
860.339315	4.784848	1.727273	3.645455	6.654545	1.609091
861.063350	1.784848	1.727273	4.645455	4.654545	8.609091
861.787308	5.784848	6.727273	5.645455	3.654545	5.609091
862.511190	7.784848	2.727273	1.645455	6.654545	2.609091
863.234997	3.784848	0.727273	2.645455	5.654545	5.609091
863.958727	0.784848	3.727273	4.645455	6.654545	10.609091
864.682381	0.784848	1.727273	1.645455	0.654545	1.609091
865.405959	3.784848	2.727273	-0.354545	5.654545	-0.390909
866.129461	4.784848	-3.272727	-1.354545	6.654545	5.609091
866.852887	2.784848	3.727273	5.645455	3.654545	3.609091
867.576237	2.784848	3.727273	1.645455	2.654545	7.609091
868.299511	1.784848	2.727273	1.645455	-0.345455	5.609091
869.022709	5.784848	4.727273	1.645455	0.654545	8.609091
869.745830	6.784848	5.727273	-2.354545	3.654545	11.609091
870.468876	0.784848	2.727273	1.645455	1.654545	7.609091
871.191846	3.784848	1.727273	4.645455	-2.345455	2.609091
871.914739	1.784848	5.727273	3.645455	-0.345455	5.609091
872.637557	5.784848	6.727273	6.645455	0.654545	3.609091
873.360298	2.784848	5.727273	1.645455	-0.345455	5.609091
874.082963	2.784848	5.727273	-0.354545	0.654545	-0.390909
874.805553	2.784848	3.727273	6.645455	2.654545	-1.390909
875.528066	4.784848	1.727273	8.645455	4.654545	3.609091
876.250503	3.784848	-0.272727	6.645455	2.654545	2.609091
876.972864	8.784848	4.727273	5.645455	3.654545	1.609091
877.695149	-0.215152	7.727273	5.645455	2.654545	8.609091
878.417358	1.784848	4.727273	4.645455	5.654545	6.609091
879.139491	7.784848	5.727273	-0.354545	3.654545	4.609091
879.861548	4.784848	3.727273	1.645455	2.654545	4.609091
880.583528	7.784848	6.727273	5.645455	5.654545	-0.390909
881.305433	1.784848	5.727273	4.645455	4.654545	6.609091
882.027262	5.784848	6.727273	8.645455	2.654545	6.609091
882.749014	4.784848	8.727273	4.645455	0.654545	5.609091
883.470691	8.784848	5.727273	4.645455	3.654545	3.609091
884.192291	6.784848	3.727273	10.645455	6.654545	2.609091
884.913815	4.784848	3.727273	4.645455	-3.345455	0.609091
885.635264	4.784848	4.727273	4.645455	9.654545	1.609091
886.356636	2.784848	4.727273	7.645455	5.654545	3.609091
887.077932	11.784848	7.727273	3.645455	5.654545	5.609091
887.799152	13.784848	2.727273	-0.354545	4.654545	2.609091
888.520296	9.784848	11.727273	8.645455	12.654545	5.609091
889.241364	8.784848	11.727273	10.645455	12.654545	9.609091
889.962356	2.784848	4.727273	6.645455	4.654545	13.609091
890.683272	9.784848	12.727273	15.645455	11.654545	13.609091
891.404112	6.784848	6.727273	8.645455	13.654545	16.609091
892.124875	5.784848	4.727273	8.645455	5.654545	5.609091
892.845563	10.784848	11.727273	7.645455	2.654545	7.609091
893.566175	11.784848	10.727273	10.645455	9.654545	8.609091
894.286710	7.784848	9.727273	4.645455	12.654545	13.609091
895.007170	7.784848	6.727273	9.645455	8.654545	11.609091
895.727553	11.784848	6.727273	12.645455	7.654545	6.609091
896.447860	7.784848	5.727273	9.645455	9.654545	9.609091
897.168092	6.784848	7.727273	9.645455	12.654545	14.609091
897.888247	-1.215152	9.727273	7.645455	14.654545	11.609091
898.608326	5.784848	9.727273	9.645455	9.654545	3.609091
899.328329	8.784848	11.727273	8.645455	14.654545	6.609091
900.048256	9.784848	8.727273	6.645455	12.654545	10.609091
900.768107	11.784848	7.727273	12.645455	9.654545	12.609091
901.487882	14.784848	14.727273	4.645455	10.654545	9.609091
902.207581	12.784848	9.727273	11.645455	16.654545	12.609091
902.927203	12.784848	11.727273	12.645455	18.654545	16.609091
903.646750	17.784848	12.727273	8.645455	11.654545	12.609091
904.366221	11.784848	17.727273	13.645455	14.654545	19.609091
905.085615	11.784848	13.727273	17.645455	11.654545	15.609091
905.804934	8.784848	11.727273	11.645455	19.654545	16.609091
906.524176	11.784848	19.727273	15.645455	12.654545	11.609091
907.243343	10.784848	10.727273	18.645455	14.654545	21.609091
907.962433	14.784848	12.727273	20.645455	18.654545	15.609091
908.681447	14.784848	6.727273	16.645455	19.654545	16.609091
909.400385	47.784848	40.727273	52.645455	44.654545	37.609091
910.119247	16.784848	17.727273	20.645455	16.654545	14.609091
910.838033	15.784848	11.727273	19.645455	15.654545	15.609091
911.556743	10.784848	15.727273	16.645455	20.654545	13.609091
912.275377	20.784848	16.727273	10.645455	18.654545	17.609091
912.993935	14.784848	16.727273	21.645455	8.654545	13.609091
913.712417	14.784848	20.727273	16.645455	17.654545	18.609091
914.430823	15.784848	14.727273	20.645455	18.654545	11.609091
915.149152	15.784848	15.727273	17.645455	21.654545	20.609091
915.867406	15.784848	16.727273	18.645455	15.654545	16.609091
916.585584	9.784848	15.727273	11.645455	18.654545	15.609091
917.303685	17.784848	11.727273	17.645455	15.654545	20.609091
918.021710	12.784848	19.727273	15.645455	13.654545	15.609091
918.739660	11.784848	15.727273	12.645455	20.654545	24.609091
919.457533	16.784848	18.727273	17.645455	19.654545	13.609091
920.175330	17.784848	9.727273	12.645455	18.654545	18.609091
920.893051	12.784848	12.727273	19.645455	19.654545	17.609091
921.610696	15.784848	15.727273	14.645455	21.654545	15.609091
922.328265	16.784848	15.727273	17.645455	21.654545	15.609091
923.045758	12.784848	16.727273	14.645455	18.654545	10.609091
923.763175	12.784848	14.727273	16.645455	16.654545	13.609091
924.480516	12.784848	17.727273	18.645455	17.654545	13.609091
925.197781	20.784848	19.727273	19.645455	13.654545	13.609091
925.914970	11.784848	11.727273	20.645455	21.654545	15.609091
926.632082	13.784848	13.727273	14.645455	16.654545	17.609091
927.349119	17.784848	15.727273	17.645455	13.654545	20.609091
928.066079	17.784848	12.727273	21.645455	19.654545	21.609091
928.782964	12.784848	16.727273	14.645455	13.654545	14.609091
929.499772	13.784848	14.727273	14.645455	12.654545	20.609091
930.216504	8.784848	8.727273	13.645455	14.654545	20.609091
930.933161	13.784848	12.727273	12.645455	11.654545	15.609091
931.649741	13.784848	8.727273	12.645455	6.654545	11.609091
932.366245	21.784848	25.727273	21.645455	23.654545	24.609091
933.082673	14.784848	13.727273	12.645455	12.654545	13.609091
933.799025	13.784848	8.727273	9.645455	14.654545	13.609091
934.515301	11.784848	10.727273	17.645455	11.654545	12.609091
935.231501	4.784848	9.727273	11.645455	10.654545	9.609091
935.947625	8.784848	6.727273	7.645455	11.654545	10.609091
936.663672	3.784848	11.727273	10.645455	6.654545	12.609091
937.379644	10.784848	14.727273	8.645455	7.654545	15.609091
938.095540	5.784848	7.727273	11.645455	12.654545	7.609091
938.811359	5.784848	9.727273	14.645455	15.654545	8.609091
939.527103	10.784848	12.727273	7.645455	6.654545	10.609091
940.242770	5.784848	14.727273	9.645455	10.654545	6.609091
940.958361	9.784848	15.727273	9.645455	11.654545	14.609091
941.673877	7.784848	8.727273	14.645455	6.654545	14.609091
942.389316	6.784848	7.727273	7.645455	3.654545	11.609091
943.104679	8.784848	9.727273	2.645455	2.654545	8.609091
943.819966	8.784848	2.727273	10.645455	8.654545	7.609091
944.535177	8.784848	10.727273	12.645455	7.654545	10.609091
945.250312	8.784848	10.727273	7.645455	8.654545	7.609091
945.965371	10.784848	4.727273	8.645455	6.654545	5.609091
946.680354	5.784848	0.727273	7.645455	5.654545	8.609091
947.395261	3.784848	6.727273	2.645455	2.654545	5.609091
948.110091	5.784848	6.727273	6.645455	3.654545	8.609091
948.824846	1.784848	4.727273	6.645455	5.654545	3.609091
949.539525	4.784848	4.727273	5.645455	5.654545	1.609091
950.254127	4.784848	5.727273	3.645455	11.654545	4.609091
950.968654	6.784848	4.727273	9.645455	12.654545	9.609091
951.683104	9.784848	9.727273	8.645455	9.654545	8.609091
952.397478	6.784848	-2.272727	6.645455	7.654545	3.609091
953.111777	8.784848	1.727273	7.645455	5.654545	5.609091
953.825999	6.784848	4.727273	-1.354545	5.654545	6.609091
954.540145	9.784848	4.727273	10.645455	12.654545	11.609091
955.254215	4.784848	8.727273	7.645455	7.654545	8.609091
955.968209	7.784848	2.727273	5.645455	3.654545	5.609091
956.682127	6.784848	-0.272727	-1.354545	3.654545	-0.390909
957.395969	5.784848	1.727273	10.645455	7.654545	7.609091
958.109735	5.784848	9.727273	9.645455	4.654545	6.609091
958.823424	6.784848	10.727273	6.645455	11.654545	12.609091
959.537038	6.784848	6.727273	3.645455	5.654545	7.609091
960.250576	8.784848	2.727273	8.645455	3.654545	3.609091
960.964037	4.784848	3.727273	1.645455	5.654545	2.609091
961.677423	4.784848	2.727273	0.645455	7.654545	6.609091
962.390732	6.784848	4.727273	0.645455	3.654545	6.609091
963.103965	10.784848	4.727273	3.645455	7.654545	7.609091
963.817123	6.784848	9.727273	5.645455	3.654545	-0.390909
964.530204	1.784848	7.727273	3.645455	2.654545	6.609091
965.243209	3.784848	9.727273	3.645455	6.654545	3.609091
965.956138	3.784848	4.727273	2.645455	4.654545	3.609091
966.668991	0.784848	1.727273	2.645455	4.654545	4.609091
967.381768	1.784848	4.727273	3.645455	1.654545	4.609091
968.094469	7.784848	1.727273	4.645455	4.654545	2.609091
968.807094	7.784848	3.727273	1.645455	13.654545	5.609091
969.519643	4.784848	2.727273	4.645455	7.654545	0.609091
970.232115	2.784848	3.727273	5.645455	6.654545	5.609091
970.944512	0.784848	5.727273	7.645455	3.654545	1.609091
971.656833	-2.215152	-1.272727	-1.354545	2.654545	4.609091
972.369077	0.784848	-1.272727	0.645455	3.654545	5.609091
973.081246	-6.215152	2.727273	4.645455	1.654545	0.609091
973.793338	2.784848	4.727273	4.645455	5.654545	0.609091
974.505354	4.784848	2.727273	5.645455	2.654545	2.609091
975.217295	6.784848	2.727273	3.645455	2.654545	3.609091
975.929159	2.784848	-1.272727	1.645455	-0.345455	6.609091
976.640947	1.784848	1.727273	3.645455	1.654545	2.609091
977.352659	3.784848	3.727273	4.645455	1.654545	3.609091
978.064295	-3.215152	-1.272727	-0.354545	4.654545	0.609091
978.775855	1.784848	0.727273	2.645455	0.654545	0.609091
979.487339	2.784848	0.727273	-4.354545	5.654545	4.609091
980.198747	5.784848	5.727273	2.645455	4.654545	-1.390909
980.910079	4.784848	0.727273	0.645455	-0.345455	-0.390909
981.621334	4.784848	-1.272727	1.645455	5.654545	3.609091
982.332514	2.784848	-2.272727	3.645455	4.654545	5.609091
983.043617	2.784848	0.727273	4.645455	-0.345455	6.609091
983.754645	-0.215152	3.727273	4.645455	-2.345455	0.609091
984.465596	4.784848	1.727273	2.645455	-2.345455	-0.390909
985.176472	3.784848	1.727273	5.645455	1.654545	-0.390909
985.887271	7.784848	3.727273	7.645455	9.654545	3.609091
986.597994	3.784848	8.727273	5.645455	-0.345455	4.609091
987.308641	1.784848	4.727273	-1.354545	2.654545	5.609091
988.019213	1.784848	-0.272727	-0.354545	-0.345455	3.609091
988.729708	0.784848	1.727273	3.645455	4.654545	-0.390909
989.440127	3.784848	1.727273	3.645455	0.654545	9.609091
990.150470	-1.215152	0.727273	-0.354545	0.654545	4.609091
990.860736	1.784848	3.727273	6.645455	-1.345455	-1.390909
991.570927	1.784848	-0.272727	-1.354545	7.654545	0.609091
992.281042	1.784848	-3.272727	-0.354545	3.654545	2.609091
992.991081	2.784848	-0.272727	5.645455	4.654545	3.609091
993.701043	1.784848	2.727273	2.645455	-1.345455	3.609091
994.410930	2.784848	4.727273	7.645455	1.654545	6.609091
995.120740	1.784848	2.727273	4.645455	-2.345455	5.609091
995.830475	1.784848	5.727273	5.645455	2.654545	3.609091
996.540133	4.784848	7.727273	6.645455	5.654545	3.609091
997.249715	1.784848	0.727273	0.645455	0.654545	-4.390909
997.959221	1.784848	-1.272727	-2.354545	1.654545	0.609091
998.668652	5.784848	-1.272727	5.645455	0.654545	2.609091
999.378006	1.784848	5.727273	0.645455	3.654545	3.609091
1000.087284	4.784848	0.727273	-1.354545	-0.345455	-1.390909
1000.796486	7.784848	11.727273	15.645455	13.654545	8.609091
1001.505611	-3.215152	4.727273	1.645455	4.654545	3.609091
1002.214661	-7.215152	2.727273	4.645455	-3.345455	2.609091
1002.923635	4.784848	2.727273	4.645455	5.654545	11.609091
1003.632533	1.784848	-0.272727	5.645455	3.654545	3.609091
1004.341354	0.784848	0.727273	6.645455	3.654545	1.609091
1005.050100	3.784848	4.727273	-1.354545	0.654545	1.609091
1005.758769	2.784848	3.727273	-0.354545	-0.345455	1.609091
1006.467363	-0.215152	5.727273	1.645455	-1.345455	2.609091
1007.175880	5.784848	-2.272727	-2.354545	0.654545	1.609091
1007.884322	1.784848	-3.272727	-2.354545	1.654545	2.609091
1008.592687	2.784848	4.727273	4.645455	-2.345455	2.609091
1009.300976	4.784848	-4.272727	0.645455	2.654545	-0.390909
1010.009189	2.784848	-1.272727	-2.354545	-1.345455	0.609091
1010.717326	-1.215152	-3.272727	-2.354545	-1.345455	0.609091
1011.425387	0.784848	-7.272727	0.645455	-1.345455	5.609091
1012.133372	4.784848	-3.272727	1.645455	1.654545	2.609091
1012.841281	4.784848	2.727273	1.645455	4.654545	1.609091
1013.549114	-1.215152	0.727273	2.645455	2.654545	1.609091
1014.256871	1.784848	1.727273	3.645455	4.654545	2.609091
1014.964551	5.784848	6.727273	0.645455	2.654545	7.609091
1015.672156	3.784848	1.727273	2.645455	1.654545	2.609091
1016.379684	5.784848	5.727273	4.645455	2.654545	0.609091
1017.087137	5.784848	-0.272727	2.645455	-1.345455	3.609091
1017.794513	2.784848	0.727273	8.645455	6.654545	2.609091
1018.501814	5.784848	0.727273	6.645455	-3.345455	1.609091
1019.209038	0.784848	3.727273	5.645455	2.654545	2.609091
1019.916186	2.784848	1.727273	6.645455	3.654545	3.609091
1020.623258	-3.215152	0.727273	1.645455	2.654545	1.609091
1021.330254	2.784848	-2.272727	2.645455	-0.345455	0.609091
1022.037174	-3.215152	3.727273	4.645455	0.654545	1.609091
1022.744018	-2.215152	2.727273	3.645455	-1.345455	-5.390909
1023.450786	-0.215152	-2.272727	9.645455	3.654545	2.609091
1024.157478	1.784848	3.727273	2.645455	2.654545	-1.390909
1024.864094	-1.215152	4.727273	3.645455	0.654545	3.609091
1025.570634	7.784848	3.727273	11.645455	-0.345455	5.609091
1026.277097	-4.215152	3.727273	2.645455	-0.345455	1.609091
1026.983485	-3.215152	6.727273	2.645455	6.654545	5.609091
1027.689796	-2.215152	4.727273	3.645455	3.654545	1.609091
1028.396032	3.784848	-3.272727	6.645455	3.654545	2.609091
1029.102191	-0.215152	-2.272727	1.645455	-0.345455	2.609091
1029.808275	7.784848	5.727273	6.645455	6.654545	5.609091
1030.514282	4.784848	2.727273	1.645455	3.654545	2.609091
1031.220213	-3.215152	1.727273	-0.354545	5.654545	2.609091
1031.926068	4.784848	0.727273	-4.354545	-0.345455	2.609091
1032.631847	3.784848	-0.272727	-3.354545	3.654545	2.609091
1033.337550	0.784848	0.727273	6.645455	1.654545	3.609091
1034.043177	-0.215152	1.727273	5.645455	1.654545	1.609091
1034.748728	1.784848	-3.272727	1.645455	-0.345455	1.609091
1035.454203	-0.215152	-4.272727	-3.354545	0.654545	5.609091
1036.159602	5.784848	-4.272727	0.645455	6.654545	1.609091
1036.864924	3.784848	-0.272727	6.645455	5.654545	8.609091
1037.570171	-1.215152	-1.272727	-0.354545	3.654545	2.609091
1038.275341	-0.215152	-0.272727	0.645455	1.654545	-1.390909
1038.980436	7.784848	5.727273	3.645455	9.654545	-3.390909
1039.685454	1.784848	4.727273	1.645455	8.654545	0.609091
1040.390397	3.784848	-1.272727	4.645455	-1.345455	-0.390909
1041.095263	0.784848	1.727273	2.645455	4.654545	3.609091
1041.800053	-1.215152	0.727273	0.645455	-0.345455	2.609091
1042.504767	-2.215152	-1.272727	1.645455	-1.345455	1.609091
1043.209405	3.784848	3.727273	4.645455	4.654545	-2.390909
1043.913968	4.784848	0.727273	-1.354545	2.654545	1.609091
1044.618454	-0.215152	6.727273	2.645455	4.654545	-0.390909
1045.322863	1.784848	2.727273	5.645455	5.654545	6.609091
1046.027197	2.784848	5.727273	1.645455	1.654545	2.609091
1046.731455	4.784848	3.727273	0.645455	2.654545	2.609091
1047.435637	1.784848	-1.272727	1.645455	3.654545	1.609091
1048.139742	2.784848	1.727273	-3.354545	2.654545	0.609091
1048.843772	-1.215152	-0.272727	1.645455	1.654545	-1.390909
1049.547726	1.784848	-0.272727	3.645455	-2.345455	-5.390909
1050.251603	-4.215152	-4.272727	0.645455	7.654545	-0.390909
1050.955404	3.784848	-0.272727	-0.354545	3.654545	-0.390909
1051.659130	-0.215152	-0.272727	1.645455	4.654545	1.609091
1052.362779	-0.215152	-0.272727	-1.354545	-4.345455	1.609091
1053.066352	2.784848	-1.272727	-1.354545	-1.345455	2.609091
1053.769849	-1.215152	-2.272727	-0.354545	-1.345455	2.609091
1054.473270	0.784848	-1.272727	3.645455	1.654545	2.609091
1055.176615	3.784848	1.727273	2.645455	1.654545	-0.390909
1055.879884	0.784848	-1.272727	3.645455	3.654545	-3.390909
1056.583077	-2.215152	2.727273	2.645455	-0.345455	1.609091
1057.286194	-4.215152	-0.272727	4.645455	5.654545	1.609091
1057.989235	1.784848	8.727273	-3.354545	3.654545	1.609091
1058.692200	1.784848	3.727273	-0.354545	-0.345455	3.609091
1059.395088	0.784848	3.727273	-1.354545	5.654545	6.609091
1060.097901	-2.215152	6.727273	-2.354545	-1.345455	-1.390909
1060.800637	5.784848	4.727273	-0.354545	1.654545	2.609091
1061.503298	5.784848	-3.272727	1.645455	3.654545	0.609091
1062.205882	2.784848	0.727273	1.645455	-0.345455	-0.390909
1062.908390	1.784848	-0.272727	3.645455	4.654545	6.609091
1063.610823	-3.215152	1.727273	4.645455	1.654545	2.609091
1064.313179	2.784848	3.727273	2.645455	6.654545	3.609091
1065.015459	1.784848	0.727273	4.645455	3.654545	-4.390909
1065.717663	-0.215152	-0.272727	2.645455	1.654545	-2.390909
1066.419791	-3.215152	-0.272727	0.645455	-3.345455	3.609091
1067.121843	0.784848	4.727273	-2.354545	-0.345455	0.609091
1067.823819	0.784848	5.727273	-0.354545	2.654545	-2.390909
1068.525718	2.784848	0.727273	-0.354545	-1.345455	0.609091
1069.227542	0.784848	1.727273	1.645455	-2.345455	-1.390909
1069.929290	3.784848	8.727273	-0.354545	-0.345455	-0.390909
1070.630961	7.784848	-1.272727	2.645455	3.654545	-2.390909
1071.332557	-0.215152	1.727273	7.645455	1.654545	1.609091
1072.034077	2.784848	-1.272727	0.645455	2.654545	2.609091
1072.735520	1.784848	3.727273	-0.354545	0.654545	4.609091
1073.436887	1.784848	4.727273	1.645455	2.654545	2.609091
1074.138179	-5.215152	0.727273	3.645455	-1.345455	-0.390909
1074.839394	-2.215152	-1.272727	0.645455	0.654545	-3.390909
1075.540533	1.784848	-1.272727	2.645455	-0.345455	-1.390909
1076.241596	3.784848	6.727273	6.645455	1.654545	-1.390909
1076.942583	6.784848	3.727273	3.645455	0.654545	4.609091
1077.643494	-1.215152	3.727273	2.645455	4.654545	-0.390909
1078.344329	1.784848	1.727273	-0.354545	2.654545	-1.390909
1079.045088	-0.215152	0.727273	0.645455	4.654545	0.609091
1079.745770	0.784848	3.727273	1.645455	4.654545	5.609091
1080.446377	0.784848	-0.272727	-3.354545	5.654545	7.609091
1081.146908	-2.215152	-3.272727	6.645455	-0.345455	2.609091
1081.847362	-2.215152	4.727273	3.645455	0.654545	4.609091
1082.547741	2.784848	3.727273	6.645455	-1.345455	-0.390909
1083.248043	-0.215152	-2.272727	5.645455	3.654545	2.609091
1083.948270	-3.215152	1.727273	1.645455	5.654545	2.609091
1084.648420	-4.215152	-2.272727	2.645455	0.654545	-0.390909
1085.348494	1.784848	-2.272727	1.645455	0.654545	-0.390909
1086.048492	-2.215152	-1.272727	2.645455	1.654545	-1.390909
1086.748415	1.784848	6.727273	6.645455	4.654545	-4.390909
1087.448261	-0.215152	1.727273	5.645455	-1.345455	5.609091
1088.148031	5.784848	2.727273	2.645455	2.654545	4.609091
1088.847725	2.784848	1.727273	-0.354545	0.654545	4.609091
1089.547342	2.784848	-4.272727	2.645455	0.654545	6.609091
1090.246884	1.784848	-0.272727	-0.354545	1.654545	2.609091
1090.946350	-1.215152	-5.272727	2.645455	0.654545	1.609091
1091.645740	-2.215152	-3.272727	5.645455	4.654545	-4.390909
1092.345053	0.784848	0.727273	5.645455	-3.345455	-5.390909
1093.044291	-3.215152	3.727273	-1.354545	10.654545	-0.390909
1093.743452	-3.215152	-0.272727	4.645455	0.654545	-0.390909
1094.442538	6.784848	1.727273	5.645455	0.654545	5.609091
1095.141547	4.784848	3.727273	-1.354545	2.654545	-0.390909
1095.840480	4.784848	4.727273	-1.354545	3.654545	0.609091
1096.539338	0.784848	0.727273	3.645455	-0.345455	-0.390909
1097.238119	-2.215152	-0.272727	0.645455	1.654545	-3.390909
1097.936824	-0.215152	-7.272727	2.645455	-1.345455	4.609091
1098.635453	-1.215152	-3.272727	-1.354545	2.654545	0.609091
1099.334006	3.784848	-1.272727	-1.354545	0.654545	0.609091
1100.032483	0.784848	1.727273	1.645455	5.654545	-1.390909
