0,000000000000	0,023846471680	0,005961617920	0,024003804871
1,000000000000	0,023946601880	0,005986650470	0,024178786740
2,000000000000	0,023872224600	0,005968056150	0,024199794946
3,000000000000	0,023885596560	0,005971399140	0,024109670352
4,000000000000	0,023775801080	0,005943950270	0,024078875620
5,000000000000	0,023926865320	0,005981716330	0,024023668008
6,000000000000	0,023978346960	0,005994586740	0,024155274649
7,000000000000	0,024115672320	0,006028918080	0,024192695516
8,000000000000	0,023995228120	0,005998807030	0,024226849119
9,000000000000	0,023735059440	0,005933764860	0,024223658192
10,000000000000	0,023747343560	0,005936835890	0,024095471492
11,000000000000	0,023893937480	0,005973484370	0,024001041437
12,000000000000	0,023807117720	0,005951779430	0,023879954167
13,000000000000	0,023828774680	0,005957193670	0,023903359386
14,000000000000	0,023817932240	0,005954483060	0,023861236100
15,000000000000	0,023716816680	0,005929204170	0,023823937374
16,000000000000	0,023694662360	0,005923665590	0,023905985411
17,000000000000	0,023876139880	0,005969034970	0,023980079034
18,000000000000	0,023657083520	0,005914270880	0,024036156898
19,000000000000	0,023888083160	0,005972020790	0,023943940644
20,000000000000	0,023834958680	0,005958739670	0,023963376289
21,000000000000	0,023738477360	0,005934619340	0,023950444638
22,000000000000	0,023683736120	0,005920934030	0,023909787042
23,000000000000	0,023665146920	0,005916286730	0,023891954495
24,000000000000	0,023765468960	0,005941367240	0,023823158726
25,000000000000	0,023801531640	0,005950382910	0,023865007195
26,000000000000	0,024062214400	0,006015553600	0,023939635183
27,000000000000	0,023985238760	0,005996309690	0,024184695298
28,000000000000	0,023795530200	0,005948882550	0,024223612389
29,000000000000	0,023976776760	0,005994194190	0,024122296651
30,000000000000	0,023723050960	0,005930762740	0,024138907790
31,000000000000	0,023667944600	0,005916986150	0,023981193568
32,000000000000	0,023793481280	0,005948370320	0,023934215188
33,000000000000	0,023903284240	0,005975821060	0,023884137488
34,000000000000	0,024048790320	0,006012197580	0,023849693801
35,000000000000	0,023838505160	0,005959626290	0,023917222359
36,000000000000	0,023997630920	0,005999407730	0,023865617899
37,000000000000	0,023761359960	0,005940339990	0,023966261863
38,000000000000	0,023728372520	0,005932093130	0,023954108860
39,000000000000	0,023872809480	0,005968202370	0,023911649688
40,000000000000	0,023662814880	0,005915703720	0,023967651214
41,000000000000	0,023812467240	0,005953116810	0,023896519504
42,000000000000	0,023937014880	0,005984253720	0,023927604321
43,000000000000	0,023691086080	0,005922771520	0,024001759014
44,000000000000	0,023764396080	0,005941099020	0,024061577438
45,000000000000	0,023830065520	0,005957516380	0,023944429207
46,000000000000	0,023736618440	0,005934154610	0,023985376888
47,000000000000	0,023675840360	0,005918960090	0,024004522448
48,000000000000	0,023858411240	0,005964602810	0,023921833172
49,000000000000	0,023912889880	0,005978222470	0,023941543632
50,000000000000	0,023843141280	0,005960785320	0,023926917280
51,000000000000	0,023759648200	0,005939912050	0,023959483053
52,000000000000	0,023821942520	0,005955485630	0,023929314291
53,000000000000	0,023915626120	0,005978906530	0,023997163469
54,000000000000	0,023762293160	0,005940573290	0,024002232309
55,000000000000	0,023607540880	0,005901885220	0,023836640010
56,000000000000	0,023933490720	0,005983372680	0,023698391967
57,000000000000	0,023869933560	0,005967483390	0,023789783771
58,000000000000	0,023842057200	0,005960514300	0,023936688538
59,000000000000	0,023837866280	0,005959466570	0,024030370481
60,000000000000	0,023706212640	0,005926553160	0,023967422200
61,000000000000	0,023809362200	0,005952340550	0,023941070337
62,000000000000	0,023797130200	0,005949282550	0,023889465877
63,000000000000	0,023769073200	0,005942268300	0,023874793721
64,000000000000	0,023766385400	0,005941596350	0,023828746665
65,000000000000	0,023797379800	0,005949344950	0,023806135362
66,000000000000	0,023731991640	0,005932997910	0,023916031487
67,000000000000	0,023580398400	0,005895099600	0,023907481635
68,000000000000	0,023856565360	0,005964141340	0,023869114177
69,000000000000	0,023894522320	0,005973630580	0,023941543632
70,000000000000	0,023976122960	0,005994030740	0,023973681913
71,000000000000	0,023962620640	0,005990655160	0,024010446274
72,000000000000	0,023654202000	0,005913550500	0,023990018236
73,000000000000	0,023682573800	0,005920643450	0,023789554757
74,000000000000	0,023933544760	0,005983386190	0,023778959048
75,000000000000	0,023912282680	0,005978070670	0,023957131844
76,000000000000	0,023831797760	0,005957949440	0,023918749118
77,000000000000	0,023918757200	0,005979689300	0,023918901794
78,000000000000	0,023940209280	0,005985052320	0,024031576621
79,000000000000	0,024051811560	0,006012952890	0,024148862260
80,000000000000	0,023717416440	0,005929354110	0,024163412275
81,000000000000	0,023533565920	0,005883391480	0,023939787859
82,000000000000	0,023806406200	0,005951601550	0,023786104281
83,000000000000	0,023929623880	0,005982405970	0,023845846368
84,000000000000	0,023580253120	0,005895063280	0,023901939500
85,000000000000	0,023639502000	0,005909875500	0,023853968726
86,000000000000	0,023686181760	0,005921545440	0,023723476620
87,000000000000	0,023886950680	0,005971737670	0,023774394038
88,000000000000	0,023530999200	0,005882749800	0,023834136125
89,000000000000	0,023688366640	0,005922091660	0,023871984485
90,000000000000	0,023607013760	0,005901753440	0,023818547914
91,000000000000	0,023739527920	0,005934881980	0,023799097002
92,000000000000	0,023669069640	0,005917267410	0,023754133944
93,000000000000	0,023674156520	0,005918539130	0,023787798984
94,000000000000	0,023698352280	0,005924588070	0,023807005614
95,000000000000	0,023894796160	0,005973699040	0,023804562800
96,000000000000	0,023730322720	0,005932580680	0,023877435015
97,000000000000	0,023541525000	0,005885381250	0,023707583057
98,000000000000	0,023663716400	0,005915929100	0,023699674445
99,000000000000	0,023699102920	0,005924775730	0,023785722591
100,000000000000	0,023785706600	0,005946426650	0,023661581803
101,000000000000	0,023370275280	0,005842568820	0,023669307205
102,000000000000	0,023427464080	0,005856866020	0,023494248998
103,000000000000	0,023958081360	0,005989520340	0,023454843344
104,000000000000	0,023733507840	0,005933376960	0,023683994628
105,000000000000	0,023375827800	0,005843956950	0,023758973771
106,000000000000	0,023901239040	0,005975309760	0,023648818097
107,000000000000	0,023743338880	0,005935834720	0,023681933503
108,000000000000	0,023777075120	0,005944268780	0,023780134653
109,000000000000	0,023633360880	0,005908340220	0,023807249896
110,000000000000	0,023679487400	0,005919871850	0,023866518687
111,000000000000	0,023619653640	0,005904913410	0,023833922378
112,000000000000	0,023716855800	0,005929213950	0,023704804355
113,000000000000	0,023589935160	0,005897483790	0,023788027998
114,000000000000	0,023829812200	0,005957453050	0,023720270426
115,000000000000	0,023895451800	0,005973862950	0,023758424138
116,000000000000	0,023873195040	0,005968298760	0,023856151992
117,000000000000	0,023736175160	0,005934043790	0,023879297661
118,000000000000	0,023627942440	0,005906985610	0,023770729816
119,000000000000	0,023745384080	0,005936346020	0,023741522913
120,000000000000	0,023700971160	0,005925242790	0,023851083152
121,000000000000	0,023848671480	0,005962167870	0,023825601541
122,000000000000	0,023548312480	0,005887078120	0,023878213662
123,000000000000	0,023793635880	0,005948408970	0,023829983340
124,000000000000	0,023875467480	0,005968866870	0,023854426754
125,000000000000	0,024039795640	0,006009948910	0,023953482889
126,000000000000	0,023787533880	0,005946883470	0,024008110332
127,000000000000	0,023621900000	0,005905475000	0,023985178410
